#ESO IR Filter Curve from van der Bliek, et al. (1996)
#1996A&AS..119..547V
#Digitized and normalized
# Br-gamma
       2.0000000      0.00000
       2.0006000      0.00000
       2.0012000      0.00000
       2.0018000      0.00000
       2.0024000      0.00000
       2.0030000      0.00000
       2.0036000      0.00000
       2.0042000      0.00000
       2.0048000      0.00000
       2.0054000      0.00000
       2.0060000      0.00000
       2.0066000      0.00000
       2.0072000      0.00000
       2.0078000      0.00000
       2.0084000      0.00000
       2.0090000      0.00000
       2.0096000      0.00000
       2.0102000      0.00000
       2.0108000      0.00000
       2.0114000      0.00000
       2.0120000      0.00000
       2.0126000      0.00000
       2.0132000      0.00000
       2.0138000      0.00000
       2.0144000      0.00000
       2.0150000      0.00000
       2.0156000      0.00000
       2.0162000      0.00000
       2.0168000      0.00000
       2.0174000      0.00000
       2.0180000      0.00000
       2.0186000      0.00000
       2.0192000      0.00000
       2.0198000      0.00000
       2.0204000      0.00000
       2.0210000      0.00000
       2.0216000      0.00000
       2.0222000      0.00000
       2.0228000      0.00000
       2.0234000      0.00000
       2.0240000      0.00000
       2.0246000      0.00000
       2.0252000      0.00000
       2.0258000      0.00000
       2.0264000      0.00000
       2.0270000      0.00000
       2.0276000      0.00000
       2.0282000      0.00000
       2.0288000      0.00000
       2.0294000      0.00000
       2.0300000      0.00000
       2.0306000      0.00000
       2.0312000      0.00000
       2.0318000      0.00000
       2.0324000      0.00000
       2.0330000      0.00000
       2.0336000      0.00000
       2.0342000      0.00000
       2.0348000      0.00000
       2.0354000      0.00000
       2.0360000      0.00000
       2.0366000      0.00000
       2.0372000      0.00000
       2.0378000      0.00000
       2.0384000      0.00000
       2.0390000      0.00000
       2.0396000      0.00000
       2.0402000      0.00000
       2.0408000      0.00000
       2.0414000      0.00000
       2.0420000      0.00000
       2.0426000      0.00000
       2.0432000      0.00000
       2.0438000      0.00000
       2.0444000      0.00000
       2.0450000      0.00000
       2.0456000      0.00000
       2.0462000      0.00000
       2.0468000      0.00000
       2.0474000      0.00000
       2.0480000      0.00000
       2.0486000      0.00000
       2.0492000      0.00000
       2.0498000      0.00000
       2.0504000      0.00000
       2.0510000      0.00000
       2.0516000      0.00000
       2.0522000      0.00000
       2.0528000      0.00000
       2.0534000      0.00000
       2.0540000      0.00000
       2.0546000      0.00000
       2.0552000      0.00000
       2.0558000      0.00000
       2.0564000      0.00000
       2.0570000      0.00000
       2.0576000      0.00000
       2.0582000      0.00000
       2.0588000      0.00000
       2.0594000      0.00000
       2.0600000      0.00000
       2.0606000      0.00000
       2.0612000      0.00000
       2.0618000      0.00000
       2.0624000      0.00000
       2.0630000      0.00000
       2.0636000      0.00000
       2.0642000      0.00000
       2.0648000      0.00000
       2.0654000      0.00000
       2.0660000      0.00000
       2.0666000      0.00000
       2.0672000      0.00000
       2.0678000      0.00000
       2.0684000      0.00000
       2.0690000      0.00000
       2.0696000      0.00000
       2.0702000      0.00000
       2.0708000      0.00000
       2.0714000      0.00000
       2.0720000      0.00000
       2.0726000      0.00000
       2.0732000      0.00000
       2.0738000      0.00000
       2.0744000      0.00000
       2.0750000      0.00000
       2.0756000      0.00000
       2.0762000      0.00000
       2.0768000      0.00000
       2.0774000      0.00000
       2.0780000      0.00000
       2.0786000      0.00000
       2.0792000      0.00000
       2.0798000      0.00000
       2.0804000      0.00000
       2.0810000      0.00000
       2.0816000      0.00000
       2.0822000      0.00000
       2.0828000      0.00000
       2.0834000      0.00000
       2.0840000      0.00000
       2.0846000      0.00000
       2.0852000      0.00000
       2.0858000      0.00000
       2.0864000      0.00000
       2.0870000      0.00000
       2.0876000      0.00000
       2.0882000      0.00000
       2.0888000      0.00000
       2.0894000      0.00000
       2.0900000      0.00000
       2.0906000      0.00000
       2.0912000      0.00000
       2.0918000      0.00000
       2.0924000      0.00000
       2.0930000      0.00000
       2.0936000      0.00000
       2.0942000      0.00000
       2.0948000      0.00000
       2.0954000      0.00000
       2.0960000      0.00000
       2.0966000      0.00000
       2.0972000      0.00000
       2.0978000      0.00000
       2.0984000      0.00000
       2.0990000      0.00000
       2.0996000      0.00000
       2.1002000      0.00000
       2.1008000      0.00000
       2.1014000      0.00000
       2.1020000      0.00000
       2.1026000      0.00000
       2.1032000      0.00000
       2.1038000      0.00000
       2.1044000      0.00000
       2.1050000      0.00000
       2.1056000      0.00000
       2.1062000      0.00000
       2.1068000      0.00000
       2.1074000      0.00000
       2.1080000      0.00000
       2.1086000      0.00000
       2.1092000      0.00000
       2.1098000      0.00000
       2.1104000      0.00000
       2.1110000      0.00000
       2.1116000      0.00000
       2.1122000  1.57614e-07
       2.1128000  0.000472516
       2.1134000   0.00141707
       2.1140000   0.00283383
       2.1146000   0.00472279
       2.1152000   0.00708395
       2.1158000   0.00991731
       2.1164000    0.0132229
       2.1170000    0.0170006
       2.1176000    0.0212293
       2.1182000    0.0256821
       2.1188000    0.0302093
       2.1194000    0.0348619
       2.1200000    0.0393410
       2.1206000    0.0441394
       2.1212000    0.0486631
       2.1218000    0.0532090
       2.1224000    0.0578055
       2.1230000    0.0624937
       2.1236000    0.0682962
       2.1242000    0.0744641
       2.1248000    0.0815230
       2.1254000    0.0893237
       2.1260000    0.0973433
       2.1266000     0.105856
       2.1272000     0.114665
       2.1278000     0.124662
       2.1284000     0.135276
       2.1290000     0.146482
       2.1296000     0.158462
       2.1302000     0.169374
       2.1308000     0.181176
       2.1314000     0.193865
       2.1320000     0.207743
       2.1326000     0.222189
       2.1332000     0.237573
       2.1338000     0.254096
       2.1344000     0.270643
       2.1350000     0.288424
       2.1356000     0.307345
       2.1362000     0.327227
       2.1368000     0.347975
       2.1374000     0.368993
       2.1380000     0.390283
       2.1386000     0.410682
       2.1392000     0.432538
       2.1398000     0.454940
       2.1404000     0.476823
       2.1410000     0.500191
       2.1416000     0.522917
       2.1422000     0.545990
       2.1428000     0.567849
       2.1434000     0.590005
       2.1440000     0.612459
       2.1446000     0.634346
       2.1452000     0.657122
       2.1458000     0.679062
       2.1464000     0.700725
       2.1470000     0.722064
       2.1476000     0.742489
       2.1482000     0.763188
       2.1488000     0.782701
       2.1494000     0.802832
       2.1500000     0.822614
       2.1506000     0.841535
       2.1512000     0.859565
       2.1518000     0.876705
       2.1524000     0.893251
       2.1530000     0.908291
       2.1536000     0.923334
       2.1542000     0.937483
       2.1548000     0.949878
       2.1554000     0.960934
       2.1560000     0.970290
       2.1566000     0.978315
       2.1572000     0.984926
       2.1578000     0.990721
       2.1584000     0.995401
       2.1590000     0.998478
       2.1596000      1.00000
       2.1602000     0.999021
       2.1608000     0.996168
       2.1614000     0.991708
       2.1620000     0.986089
       2.1626000     0.979056
       2.1632000     0.970318
       2.1638000     0.959651
       2.1644000     0.947872
       2.1650000     0.934689
       2.1656000     0.919478
       2.1662000     0.904806
       2.1668000     0.888360
       2.1674000     0.871000
       2.1680000     0.853685
       2.1686000     0.835457
       2.1692000     0.816315
       2.1698000     0.796606
       2.1704000     0.777492
       2.1710000     0.756896
       2.1716000     0.735703
       2.1722000     0.715054
       2.1728000     0.692380
       2.1734000     0.670592
       2.1740000     0.649127
       2.1746000     0.626129
       2.1752000     0.603451
       2.1758000     0.581715
       2.1764000     0.559681
       2.1770000     0.536410
       2.1776000     0.514323
       2.1782000     0.491990
       2.1788000     0.469363
       2.1794000     0.448171
       2.1800000     0.426682
       2.1806000     0.404573
       2.1812000     0.384296
       2.1818000     0.363696
       2.1824000     0.342773
       2.1830000     0.323309
       2.1836000     0.305377
       2.1842000     0.287743
       2.1848000     0.270654
       2.1854000     0.254748
       2.1860000     0.238868
       2.1866000     0.223900
       2.1872000     0.210440
       2.1878000     0.196932
       2.1884000     0.184934
       2.1890000     0.174121
       2.1896000     0.163011
       2.1902000     0.152497
       2.1908000     0.142575
       2.1914000     0.133790
       2.1920000     0.125325
       2.1926000     0.117429
       2.1932000     0.110720
       2.1938000     0.103737
       2.1944000    0.0976201
       2.1950000    0.0917999
       2.1956000    0.0862998
       2.1962000    0.0817157
       2.1968000    0.0772809
       2.1974000    0.0732144
       2.1980000    0.0692673
       2.1986000    0.0657880
       2.1992000    0.0625379
       2.1998000    0.0594122
       2.2004000    0.0568329
       2.2010000    0.0541752
       2.2016000    0.0517144
       2.2022000    0.0491563
       2.2028000    0.0468951
       2.2034000    0.0448297
       2.2040000    0.0429137
       2.2046000    0.0411470
       2.2052000    0.0393804
       2.2058000    0.0376138
       2.2064000    0.0359218
       2.2070000    0.0344488
       2.2076000    0.0332745
       2.2082000    0.0321040
       2.2088000    0.0309297
       2.2094000    0.0299511
       2.2100000    0.0290755
       2.2106000    0.0280007
       2.2112000    0.0271251
       2.2118000    0.0262546
       2.2124000    0.0256725
       2.2130000    0.0247943
       2.2136000    0.0239187
       2.2142000    0.0230431
       2.2148000    0.0221624
       2.2154000    0.0215804
       2.2160000    0.0210035
       2.2166000    0.0201176
       2.2172000    0.0194308
       2.2178000    0.0188539
       2.2184000    0.0182719
       2.2190000    0.0176899
       2.2196000    0.0174040
       2.2202000    0.0171156
       2.2208000    0.0168271
       2.2214000    0.0165387
       2.2220000    0.0162503
       2.2226000    0.0159567
       2.2232000    0.0156785
       2.2238000    0.0154004
       2.2244000    0.0151120
       2.2250000    0.0148287
       2.2256000    0.0145454
       2.2262000    0.0142621
       2.2268000    0.0138810
       2.2274000    0.0133042
       2.2280000    0.0127273
       2.2286000    0.0121504
       2.2292000    0.0115787
       2.2298000    0.0112954
       2.2304000    0.0110121
       2.2310000    0.0106555
       2.2316000    0.0100734
       2.2322000   0.00949142
       2.2328000   0.00890940
       2.2334000   0.00842518
       2.2340000   0.00814190
       2.2346000   0.00785861
       2.2352000   0.00757533
       2.2358000   0.00728689
       2.2364000   0.00670487
       2.2370000   0.00612285
       2.2376000   0.00561421
       2.2382000   0.00533092
       2.2388000   0.00504763
       2.2394000   0.00446046
       2.2400000   0.00387328
       2.2406000   0.00328095
       2.2412000   0.00268863
       2.2418000   0.00209631
       2.2424000   0.00150398
       2.2430000   0.00120524
       2.2436000  0.000906504
       2.2442000  0.000607766
       2.2448000  0.000303883
       2.2454000      0.00000
       2.2460000      0.00000
       2.2466000      0.00000
       2.2472000      0.00000
       2.2478000      0.00000
       2.2484000      0.00000
       2.2490000      0.00000
       2.2496000      0.00000
       2.2502000      0.00000
       2.2508000      0.00000
       2.2514000      0.00000
       2.2520000      0.00000
       2.2526000      0.00000
       2.2532000      0.00000
       2.2538000      0.00000
       2.2544000      0.00000
       2.2550000      0.00000
       2.2556000      0.00000
       2.2562000      0.00000
       2.2568000      0.00000
       2.2574000      0.00000
       2.2580000      0.00000
       2.2586000      0.00000
       2.2592000      0.00000
       2.2598000      0.00000
       2.2604000      0.00000
       2.2610000      0.00000
       2.2616000      0.00000
       2.2622000      0.00000
       2.2628000      0.00000
       2.2634000      0.00000
       2.2640000      0.00000
       2.2646000      0.00000
       2.2652000      0.00000
       2.2658000      0.00000
       2.2664000      0.00000
       2.2670000      0.00000
       2.2676000      0.00000
       2.2682000      0.00000
       2.2688000      0.00000
       2.2694000      0.00000
       2.2700000      0.00000
       2.2706000      0.00000
       2.2712000      0.00000
       2.2718000      0.00000
       2.2724000      0.00000
       2.2730000      0.00000
       2.2736000      0.00000
       2.2742000      0.00000
       2.2748000      0.00000
       2.2754000      0.00000
       2.2760000      0.00000
       2.2766000      0.00000
       2.2772000      0.00000
       2.2778000      0.00000
       2.2784000      0.00000
       2.2790000      0.00000
       2.2796000      0.00000
       2.2802000      0.00000
       2.2808000      0.00000
       2.2814000      0.00000
       2.2820000      0.00000
       2.2826000      0.00000
       2.2832000      0.00000
       2.2838000      0.00000
       2.2844000      0.00000
       2.2850000      0.00000
       2.2856000      0.00000
       2.2862000      0.00000
       2.2868000      0.00000
       2.2874000      0.00000
       2.2880000      0.00000
       2.2886000      0.00000
       2.2892000      0.00000
       2.2898000      0.00000
       2.2904000      0.00000
       2.2910000      0.00000
       2.2916000      0.00000
       2.2922000      0.00000
       2.2928000      0.00000
       2.2934000      0.00000
       2.2940000      0.00000
       2.2946000      0.00000
       2.2952000      0.00000
       2.2958000      0.00000
       2.2964000      0.00000
       2.2970000      0.00000
       2.2976000      0.00000
       2.2982000      0.00000
       2.2988000      0.00000
       2.2994000      0.00000
       2.3000000      0.00000
