#NICMOS NIC1 F110M
#QE from nic1_dqe_007_syn
#Trans from nic1_f110m_012_syn
#Max trans normalized to match NICMOS Handbook
      0.89949990      0.00000
      0.89950000      0.00000
      0.90000000      0.00000
      0.90050000      0.00000
      0.90100000  7.33701e-05
      0.90150000      0.00000
      0.90200000      0.00000
      0.90250000  4.07314e-05
      0.90300000      0.00000
      0.90350000      0.00000
      0.90400000  3.21901e-05
      0.90450000      0.00000
      0.90500000      0.00000
      0.90550000      0.00000
      0.90600000      0.00000
      0.90650000      0.00000
      0.90700000      0.00000
      0.90750000  1.72249e-05
      0.90800000  4.27867e-09
      0.90850000  9.50593e-06
      0.90900000      0.00000
      0.90950000      0.00000
      0.91000000      0.00000
      0.91050000  3.57651e-05
      0.91100000  3.22625e-06
      0.91150000  1.91387e-05
      0.91200000  9.46416e-05
      0.91250000      0.00000
      0.91300000  4.64736e-05
      0.91350000  9.20121e-06
      0.91400000  3.02863e-05
      0.91450000  6.01652e-06
      0.91500000  3.27905e-05
      0.91550000      0.00000
      0.91700000  5.46283e-05
      0.91750000      0.00000
      0.91800000  2.28337e-05
      0.91850000  4.19821e-05
      0.91900000  5.84434e-06
      0.91950000  7.73190e-05
      0.92000000  1.09133e-08
      0.92050000      0.00000
      0.92100000  5.09118e-05
      0.92150000  3.18981e-05
      0.92200000  6.11022e-05
      0.92250000  4.23497e-05
      0.92300000  1.55270e-05
      0.92350000      0.00000
      0.92400000  2.57370e-06
      0.92450000  3.28264e-05
      0.92500000  5.08178e-05
      0.92550000  3.22960e-05
      0.92600000  4.51356e-05
      0.92650000  3.90857e-05
      0.92700000  5.65845e-05
      0.92750000  2.88485e-05
      0.92800000  4.53030e-05
      0.92850000  3.78680e-05
      0.92900000  1.87883e-05
      0.92950000  1.16653e-05
      0.93000000  6.81840e-05
      0.93050000  2.29987e-05
      0.93100000  3.65297e-05
      0.93150000  6.34892e-05
      0.93200000  7.09396e-05
      0.93250000  4.14437e-05
      0.93300000  5.55364e-05
      0.93350000  7.84321e-05
      0.93400000  3.72887e-05
      0.93450000  2.40299e-05
      0.93500000  0.000100950
      0.93550000  6.03264e-05
      0.93600000  3.21520e-05
      0.93650000  7.87264e-05
      0.93700000  9.65733e-05
      0.93750000  6.72917e-05
      0.93800000  7.93727e-05
      0.93850000  6.58418e-05
      0.93900000  8.24491e-05
      0.93950000  0.000161451
      0.94000000  0.000107322
      0.94050000  8.70346e-05
      0.94100000  8.45490e-05
      0.94150000  0.000110220
      0.94200000  0.000119769
      0.94250000  0.000126844
      0.94300000  0.000124494
      0.94350000  0.000133694
      0.94400000  0.000156488
      0.94450000  0.000194164
      0.94500000  0.000175765
      0.94550000  0.000147753
      0.94600000  0.000162241
      0.94650000  0.000191485
      0.94700000  0.000192317
      0.94750000  0.000191248
      0.94800000  0.000212681
      0.94850000  0.000205858
      0.94900000  0.000234087
      0.94950000  0.000214602
      0.95000000  0.000222470
      0.95050000  0.000257680
      0.95100000  0.000255873
      0.95150000  0.000274122
      0.95200000  0.000327356
      0.95250000  0.000297700
      0.95300000  0.000311520
      0.95350000  0.000287101
      0.95400000  0.000341038
      0.95450000  0.000350047
      0.95500000  0.000342276
      0.95550000  0.000352250
      0.95600000  0.000399506
      0.95650000  0.000402246
      0.95700000  0.000421849
      0.95750000  0.000446057
      0.95800000  0.000502909
      0.95850000  0.000492043
      0.95900000  0.000499208
      0.95950000  0.000546973
      0.96000000  0.000566619
      0.96050000  0.000583874
      0.96100000  0.000620811
      0.96150000  0.000641091
      0.96200000  0.000664738
      0.96250000  0.000710192
      0.96300000  0.000751754
      0.96350000  0.000780419
      0.96400000  0.000816966
      0.96450000  0.000909545
      0.96500000  0.000931754
      0.96550000  0.000974916
      0.96600000   0.00102753
      0.96650000   0.00108354
      0.96700000   0.00113403
      0.96750000   0.00118898
      0.96800000   0.00126498
      0.96850000   0.00135835
      0.96900000   0.00142604
      0.96950000   0.00151562
      0.97000000   0.00159423
      0.97050000   0.00169371
      0.97100000   0.00179710
      0.97150000   0.00190263
      0.97200000   0.00203136
      0.97250000   0.00216572
      0.97300000   0.00228337
      0.97350000   0.00243260
      0.97400000   0.00260266
      0.97450000   0.00276516
      0.97500000   0.00293607
      0.97550000   0.00310308
      0.97600000   0.00330642
      0.97650000   0.00352964
      0.97700000   0.00376984
      0.97750000   0.00400331
      0.97800000   0.00429392
      0.97850000   0.00455194
      0.97900000   0.00485609
      0.97950000   0.00518788
      0.98000000   0.00552809
      0.98050000   0.00591506
      0.98100000   0.00629996
      0.98150000   0.00669478
      0.98200000   0.00712581
      0.98250000   0.00761658
      0.98300000   0.00810911
      0.98350000   0.00868025
      0.98400000   0.00926303
      0.98450000   0.00983517
      0.98500000    0.0104545
      0.98550000    0.0111290
      0.98600000    0.0118363
      0.98650000    0.0126017
      0.98700000    0.0133840
      0.98750000    0.0141853
      0.98800000    0.0150353
      0.98850000    0.0159107
      0.98900000    0.0168546
      0.98950000    0.0178634
      0.99000000    0.0188766
      0.99050000    0.0199209
      0.99100000    0.0210111
      0.99150000    0.0221452
      0.99200000    0.0232710
      0.99250000    0.0245512
      0.99300000    0.0258677
      0.99350000    0.0271653
      0.99400000    0.0285226
      0.99450000    0.0299147
      0.99500000    0.0313519
      0.99550000    0.0329161
      0.99600000    0.0345645
      0.99650000    0.0362524
      0.99700000    0.0379231
      0.99750000    0.0396322
      0.99800000    0.0414896
      0.99850000    0.0433591
      0.99900000    0.0454325
      0.99950000    0.0475436
       1.0000000    0.0496611
       1.0005000    0.0518020
       1.0010000    0.0541128
       1.0015000    0.0564498
       1.0020000    0.0589028
       1.0025000    0.0614903
       1.0030000    0.0639808
       1.0035000    0.0664673
       1.0040000    0.0689595
       1.0045000    0.0715003
       1.0050000    0.0740692
       1.0055000    0.0766606
       1.0060000    0.0792301
       1.0065000    0.0815350
       1.0070000    0.0837616
       1.0075000    0.0859013
       1.0080000    0.0879509
       1.0085000    0.0899305
       1.0090000    0.0916986
       1.0095000    0.0932802
       1.0100000    0.0946331
       1.0105000    0.0958676
       1.0110000    0.0969216
       1.0115000    0.0978047
       1.0120000    0.0985883
       1.0125000    0.0991299
       1.0130000    0.0995404
       1.0135000    0.0998731
       1.0140000     0.100026
       1.0145000     0.100133
       1.0150000     0.100149
       1.0155000     0.100068
       1.0160000    0.0999945
       1.0165000    0.0998365
       1.0170000    0.0997026
       1.0175000    0.0995240
       1.0180000    0.0993532
       1.0185000    0.0991942
       1.0190000    0.0990596
       1.0195000    0.0989815
       1.0200000    0.0989087
       1.0205000    0.0988637
       1.0210000    0.0988943
       1.0215000    0.0989406
       1.0220000    0.0990470
       1.0225000    0.0992369
       1.0230000    0.0994179
       1.0235000    0.0996817
       1.0240000    0.0999648
       1.0245000     0.100306
       1.0250000     0.100705
       1.0255000     0.101104
       1.0260000     0.101525
       1.0265000     0.101967
       1.0270000     0.102467
       1.0275000     0.102981
       1.0280000     0.103504
       1.0285000     0.103985
       1.0290000     0.104492
       1.0295000     0.104935
       1.0300000     0.105426
       1.0305000     0.105883
       1.0310000     0.106347
       1.0315000     0.106768
       1.0320000     0.107130
       1.0325000     0.107447
       1.0330000     0.107748
       1.0335000     0.108007
       1.0340000     0.108216
       1.0345000     0.108384
       1.0350000     0.108492
       1.0355000     0.108593
       1.0360000     0.108604
       1.0365000     0.108614
       1.0370000     0.108516
       1.0375000     0.108415
       1.0380000     0.108307
       1.0385000     0.108118
       1.0390000     0.107938
       1.0395000     0.107744
       1.0400000     0.107475
       1.0405000     0.107194
       1.0410000     0.106948
       1.0415000     0.106636
       1.0420000     0.106361
       1.0425000     0.106090
       1.0430000     0.105788
       1.0435000     0.105481
       1.0440000     0.105221
       1.0445000     0.104960
       1.0450000     0.104727
       1.0455000     0.104478
       1.0460000     0.104300
       1.0465000     0.104089
       1.0470000     0.103922
       1.0475000     0.103781
       1.0480000     0.103677
       1.0485000     0.103573
       1.0490000     0.103540
       1.0495000     0.103475
       1.0500000     0.103480
       1.0505000     0.103528
       1.0510000     0.103547
       1.0515000     0.103645
       1.0520000     0.103737
       1.0525000     0.103878
       1.0530000     0.104070
       1.0535000     0.104231
       1.0540000     0.104431
       1.0545000     0.104677
       1.0550000     0.104915
       1.0555000     0.105190
       1.0560000     0.105502
       1.0565000     0.105804
       1.0570000     0.106089
       1.0575000     0.106441
       1.0580000     0.106774
       1.0585000     0.107101
       1.0590000     0.107455
       1.0595000     0.107821
       1.0600000     0.108173
       1.0605000     0.108515
       1.0610000     0.108826
       1.0615000     0.109178
       1.0620000     0.109495
       1.0625000     0.109837
       1.0630000     0.110138
       1.0635000     0.110389
       1.0640000     0.110680
       1.0645000     0.110905
       1.0650000     0.111100
       1.0655000     0.111319
       1.0660000     0.111517
       1.0665000     0.111670
       1.0670000     0.111783
       1.0675000     0.111892
       1.0680000     0.111976
       1.0685000     0.112019
       1.0690000     0.112044
       1.0695000     0.112039
       1.0700000     0.112018
       1.0705000     0.111972
       1.0710000     0.111899
       1.0715000     0.111835
       1.0720000     0.111748
       1.0725000     0.111609
       1.0730000     0.111523
       1.0735000     0.111359
       1.0740000     0.111260
       1.0745000     0.111073
       1.0750000     0.110933
       1.0755000     0.110779
       1.0760000     0.110694
       1.0765000     0.110568
       1.0770000     0.110434
       1.0775000     0.110343
       1.0780000     0.110157
       1.0785000     0.110145
       1.0790000     0.110126
       1.0795000     0.110075
       1.0800000     0.110106
       1.0805000     0.110088
       1.0810000     0.110143
       1.0815000     0.110186
       1.0820000     0.110292
       1.0825000     0.110406
       1.0830000     0.110545
       1.0835000     0.110717
       1.0840000     0.110908
       1.0845000     0.111189
       1.0850000     0.111403
       1.0855000     0.111734
       1.0860000     0.112019
       1.0865000     0.112354
       1.0870000     0.112751
       1.0875000     0.113111
       1.0880000     0.113546
       1.0885000     0.113942
       1.0890000     0.114357
       1.0895000     0.114774
       1.0900000     0.115244
       1.0905000     0.115667
       1.0910000     0.116170
       1.0915000     0.116603
       1.0920000     0.117008
       1.0925000     0.117432
       1.0930000     0.117856
       1.0935000     0.118265
       1.0940000     0.118664
       1.0945000     0.119044
       1.0950000     0.119372
       1.0955000     0.119645
       1.0960000     0.119898
       1.0965000     0.120202
       1.0970000     0.120397
       1.0975000     0.120600
       1.0980000     0.120728
       1.0985000     0.120852
       1.0990000     0.120940
       1.0995000     0.120962
       1.1000000     0.120975
       1.1005000     0.120870
       1.1010000     0.120683
       1.1015000     0.120516
       1.1020000     0.120297
       1.1025000     0.120063
       1.1030000     0.119805
       1.1035000     0.119552
       1.1040000     0.119233
       1.1045000     0.118973
       1.1050000     0.118680
       1.1055000     0.118353
       1.1060000     0.118043
       1.1065000     0.117761
       1.1070000     0.117446
       1.1075000     0.117180
       1.1080000     0.116928
       1.1085000     0.116677
       1.1090000     0.116430
       1.1095000     0.116235
       1.1100000     0.116061
       1.1105000     0.115888
       1.1110000     0.115787
       1.1115000     0.115660
       1.1120000     0.115627
       1.1125000     0.115530
       1.1130000     0.115535
       1.1135000     0.115561
       1.1140000     0.115624
       1.1145000     0.115698
       1.1150000     0.115830
       1.1155000     0.115942
       1.1160000     0.116143
       1.1165000     0.116375
       1.1170000     0.116558
       1.1175000     0.116799
       1.1180000     0.117064
       1.1185000     0.117340
       1.1190000     0.117666
       1.1195000     0.118009
       1.1200000     0.118325
       1.1205000     0.118673
       1.1210000     0.118984
       1.1215000     0.119328
       1.1220000     0.119690
       1.1225000     0.120026
       1.1230000     0.120344
       1.1235000     0.120696
       1.1240000     0.120959
       1.1245000     0.121255
       1.1250000     0.121525
       1.1255000     0.121734
       1.1260000     0.121982
       1.1265000     0.122194
       1.1270000     0.122337
       1.1275000     0.122442
       1.1280000     0.122538
       1.1285000     0.122593
       1.1290000     0.122619
       1.1295000     0.122620
       1.1300000     0.122586
       1.1305000     0.122503
       1.1310000     0.122447
       1.1315000     0.122302
       1.1320000     0.122164
       1.1325000     0.121974
       1.1330000     0.121812
       1.1335000     0.121595
       1.1340000     0.121365
       1.1345000     0.121146
       1.1350000     0.120901
       1.1355000     0.120617
       1.1360000     0.120403
       1.1365000     0.120150
       1.1370000     0.119889
       1.1375000     0.119662
       1.1380000     0.119421
       1.1385000     0.119161
       1.1390000     0.118945
       1.1395000     0.118758
       1.1400000     0.118576
       1.1405000     0.118393
       1.1410000     0.118260
       1.1415000     0.118112
       1.1420000     0.117990
       1.1425000     0.117883
       1.1430000     0.117820
       1.1435000     0.117761
       1.1440000     0.117696
       1.1445000     0.117680
       1.1450000     0.117715
       1.1455000     0.117679
       1.1460000     0.117710
       1.1465000     0.117748
       1.1470000     0.117774
       1.1475000     0.117844
       1.1480000     0.117861
       1.1485000     0.117947
       1.1490000     0.117994
       1.1495000     0.118010
       1.1500000     0.118060
       1.1505000     0.118092
       1.1510000     0.118083
       1.1515000     0.118066
       1.1520000     0.118028
       1.1525000     0.117932
       1.1530000     0.117827
       1.1535000     0.117700
       1.1540000     0.117503
       1.1545000     0.117324
       1.1550000     0.117059
       1.1555000     0.116770
       1.1560000     0.116449
       1.1565000     0.116052
       1.1570000     0.115597
       1.1575000     0.115153
       1.1580000     0.114622
       1.1585000     0.114069
       1.1590000     0.113497
       1.1595000     0.112858
       1.1600000     0.112169
       1.1605000     0.111421
       1.1610000     0.110720
       1.1615000     0.109964
       1.1620000     0.109155
       1.1625000     0.108349
       1.1630000     0.107520
       1.1635000     0.106692
       1.1640000     0.105799
       1.1645000     0.105009
       1.1650000     0.104173
       1.1655000     0.103346
       1.1660000     0.102524
       1.1665000     0.101697
       1.1670000     0.100935
       1.1675000     0.100180
       1.1680000    0.0994508
       1.1685000    0.0987918
       1.1690000    0.0981240
       1.1695000    0.0974752
       1.1700000    0.0968874
       1.1705000    0.0963732
       1.1710000    0.0958904
       1.1715000    0.0954464
       1.1720000    0.0950829
       1.1725000    0.0947210
       1.1730000    0.0944621
       1.1735000    0.0942366
       1.1740000    0.0940915
       1.1745000    0.0939803
       1.1750000    0.0939235
       1.1755000    0.0939567
       1.1760000    0.0940358
       1.1765000    0.0941916
       1.1770000    0.0944518
       1.1775000    0.0947016
       1.1780000    0.0950491
       1.1785000    0.0954549
       1.1790000    0.0959422
       1.1795000    0.0965106
       1.1800000    0.0971330
       1.1805000    0.0977696
       1.1810000    0.0984704
       1.1815000    0.0992701
       1.1820000     0.100107
       1.1825000     0.101027
       1.1830000     0.101957
       1.1835000     0.102864
       1.1840000     0.103855
       1.1845000     0.104843
       1.1850000     0.105841
       1.1855000     0.106910
       1.1860000     0.107887
       1.1865000     0.108857
       1.1870000     0.109719
       1.1875000     0.110553
       1.1880000     0.111286
       1.1885000     0.111960
       1.1890000     0.112457
       1.1895000     0.112820
       1.1900000     0.112959
       1.1905000     0.112947
       1.1910000     0.112698
       1.1915000     0.112185
       1.1920000     0.111448
       1.1925000     0.110433
       1.1930000     0.109162
       1.1935000     0.107621
       1.1940000     0.105855
       1.1945000     0.103756
       1.1950000     0.101323
       1.1955000    0.0986444
       1.1960000    0.0959800
       1.1965000    0.0931002
       1.1970000    0.0899627
       1.1975000    0.0867521
       1.1980000    0.0832512
       1.1985000    0.0795812
       1.1990000    0.0761640
       1.1995000    0.0729854
       1.2000000    0.0694509
       1.2005000    0.0661321
       1.2010000    0.0627065
       1.2015000    0.0593422
       1.2020000    0.0560538
       1.2025000    0.0530869
       1.2030000    0.0501837
       1.2035000    0.0474408
       1.2040000    0.0447842
       1.2045000    0.0420261
       1.2050000    0.0395275
       1.2055000    0.0371963
       1.2060000    0.0350338
       1.2065000    0.0330121
       1.2070000    0.0310259
       1.2075000    0.0290978
       1.2080000    0.0272558
       1.2085000    0.0256834
       1.2090000    0.0241307
       1.2095000    0.0227763
       1.2100000    0.0213863
       1.2105000    0.0200820
       1.2110000    0.0187957
       1.2115000    0.0176585
       1.2120000    0.0166259
       1.2125000    0.0156589
       1.2130000    0.0147628
       1.2135000    0.0138976
       1.2140000    0.0129994
       1.2145000    0.0122221
       1.2150000    0.0115061
       1.2155000    0.0108558
       1.2160000    0.0102418
       1.2165000   0.00964478
       1.2170000   0.00903504
       1.2175000   0.00850304
       1.2180000   0.00802605
       1.2185000   0.00752194
       1.2190000   0.00712324
       1.2195000   0.00673924
       1.2200000   0.00633119
       1.2205000   0.00595134
       1.2210000   0.00558819
       1.2215000   0.00529110
       1.2220000   0.00500228
       1.2225000   0.00473782
       1.2230000   0.00445395
       1.2235000   0.00416916
       1.2240000   0.00395447
       1.2245000   0.00372193
       1.2250000   0.00352750
       1.2255000   0.00332481
       1.2260000   0.00314934
       1.2265000   0.00296235
       1.2270000   0.00280370
       1.2275000   0.00265064
       1.2280000   0.00248685
       1.2285000   0.00237542
       1.2290000   0.00223391
       1.2295000   0.00211322
       1.2300000   0.00197881
       1.2305000   0.00187623
       1.2310000   0.00179200
       1.2315000   0.00169398
       1.2320000   0.00159760
       1.2325000   0.00150701
       1.2330000   0.00142857
       1.2335000   0.00135714
       1.2340000   0.00128542
       1.2345000   0.00122519
       1.2350000   0.00115590
       1.2355000   0.00110346
       1.2360000   0.00104137
       1.2365000  0.000977595
       1.2370000  0.000928104
       1.2375000  0.000882599
       1.2380000  0.000863544
       1.2385000  0.000814190
       1.2390000  0.000765213
       1.2395000  0.000732944
       1.2400000  0.000682331
       1.2405000  0.000648324
       1.2410000  0.000623330
       1.2415000  0.000609515
       1.2420000  0.000562262
       1.2425000  0.000540190
       1.2430000  0.000521103
       1.2435000  0.000489922
       1.2440000  0.000490216
       1.2445000  0.000455797
       1.2450000  0.000419074
       1.2455000  0.000403186
       1.2460000  0.000376448
       1.2465000  0.000368171
       1.2470000  0.000376591
       1.2475000  0.000335245
       1.2480000  0.000310807
       1.2485000  0.000305460
       1.2490000  0.000308638
       1.2495000  0.000289458
       1.2500000  0.000284946
       1.2505000  0.000266572
       1.2510000  0.000253543
       1.2515000  0.000246646
       1.2520000  0.000234465
       1.2525000  0.000212994
       1.2530000  0.000209165
       1.2535000  0.000198495
       1.2540000  0.000193161
       1.2545000  0.000188611
       1.2550000  0.000191756
       1.2555000  0.000183424
       1.2560000  0.000174132
       1.2565000  0.000148593
       1.2570000  0.000165758
       1.2575000  0.000150283
       1.2580000  0.000143343
       1.2585000  0.000141050
       1.2590000  0.000137279
       1.2595000  0.000120184
       1.2600000  0.000114784
       1.2605000  0.000123415
       1.2610000  0.000121107
       1.2615000  0.000115733
       1.2620000  9.54834e-05
       1.2625000  8.92666e-05
       1.2630000  0.000101071
       1.2635000  9.87735e-05
       1.2640000  0.000125367
       1.2645000  0.000115271
       1.2650000  7.69156e-05
       1.2655000  7.69621e-05
       1.2660000  8.17032e-05
       1.2665000  7.15462e-05
       1.2670000  6.37620e-05
       1.2675000  7.79616e-05
       1.2680000  7.40723e-05
       1.2685000  8.27779e-05
       1.2690000  7.17895e-05
       1.2695000  8.04830e-05
       1.2700000  7.42038e-05
       1.2705000  5.45363e-05
       1.2710000  5.69302e-05
       1.2715000  7.03911e-05
       1.2720000  5.54177e-05
       1.2725000  6.89074e-05
       1.2730000  5.62682e-05
       1.2735000  5.39493e-05
       1.2740000  5.87348e-05
       1.2745000  6.50972e-05
       1.2750000  4.45193e-05
       1.2755000  4.13704e-05
       1.2760000  5.72982e-05
       1.2765000  5.41499e-05
       1.2770000  5.18028e-05
       1.2775000  4.94419e-05
       1.2780000  4.47019e-05
       1.2785000  3.75153e-05
       1.2790000  4.39474e-05
       1.2795000  5.59681e-05
       1.2800000  1.43842e-05
       1.2805000  1.52009e-05
       1.2810000  2.80378e-05
       1.2815000  4.00746e-05
       1.2820000  2.64913e-05
       1.2825000  4.65809e-05
       1.2830000  4.41907e-05
       1.2835000  3.86032e-05
       1.2840000  3.05801e-05
       1.2845000  3.38335e-05
       1.2850000  2.65848e-05
       1.2855000  1.93615e-05
       1.2860000  3.55147e-05
       1.2865000  2.82642e-05
       1.2870000  3.23352e-05
       1.2875000  3.56038e-05
       1.2880000  4.53518e-05
       1.2885000  2.50875e-05
       1.2890000  2.27065e-05
       1.2895000  3.24825e-05
       1.2900000  2.68211e-05
       1.2905000  2.27255e-05
       1.2910000  1.62721e-05
       1.2915000  1.38492e-05
       1.2920000  1.54845e-05
       1.2925000  2.12193e-05
       1.2930000  3.83560e-05
       1.2935000  2.94091e-05
       1.2940000  1.79953e-05
       1.2945000  2.29282e-05
       1.2950000  2.45651e-05
       1.2955000  6.55391e-06
       1.2960000  1.80549e-05
       1.2965000  9.85260e-06
       1.2970000  1.56314e-05
       1.2975000  2.05799e-05
       1.2980000  1.15311e-05
       1.2985000  1.97922e-05
       1.2990000  2.72501e-05
       1.2995000  4.04493e-05
       1.3000000  2.81398e-05
       1.3000000      0.00000
