#ESO IR Filter Curve from van der Bliek, et al. (1996)
#1996A&AS..119..547V
#Digitized and normalized
# H
       1.2000000      0.00000
       1.2008000      0.00000
       1.2016000      0.00000
       1.2024000      0.00000
       1.2032000      0.00000
       1.2040000      0.00000
       1.2048000      0.00000
       1.2056000      0.00000
       1.2064000      0.00000
       1.2072000      0.00000
       1.2080000      0.00000
       1.2088000      0.00000
       1.2096000      0.00000
       1.2104000      0.00000
       1.2112000      0.00000
       1.2120000      0.00000
       1.2128000      0.00000
       1.2136000      0.00000
       1.2144000      0.00000
       1.2152000      0.00000
       1.2160000      0.00000
       1.2168000      0.00000
       1.2176000      0.00000
       1.2184000      0.00000
       1.2192000      0.00000
       1.2200000      0.00000
       1.2208000      0.00000
       1.2216000      0.00000
       1.2224000      0.00000
       1.2232000      0.00000
       1.2240000      0.00000
       1.2248000      0.00000
       1.2256000      0.00000
       1.2264000      0.00000
       1.2272000      0.00000
       1.2280000      0.00000
       1.2288000      0.00000
       1.2296000      0.00000
       1.2304000      0.00000
       1.2312000      0.00000
       1.2320000      0.00000
       1.2328000      0.00000
       1.2336000      0.00000
       1.2344000      0.00000
       1.2352000      0.00000
       1.2360000      0.00000
       1.2368000      0.00000
       1.2376000      0.00000
       1.2384000      0.00000
       1.2392000      0.00000
       1.2400000      0.00000
       1.2408000      0.00000
       1.2416000      0.00000
       1.2424000      0.00000
       1.2432000      0.00000
       1.2440000      0.00000
       1.2448000      0.00000
       1.2456000      0.00000
       1.2464000      0.00000
       1.2472000      0.00000
       1.2480000      0.00000
       1.2488000      0.00000
       1.2496000      0.00000
       1.2504000      0.00000
       1.2512000      0.00000
       1.2520000      0.00000
       1.2528000      0.00000
       1.2536000      0.00000
       1.2544000      0.00000
       1.2552000      0.00000
       1.2560000      0.00000
       1.2568000      0.00000
       1.2576000      0.00000
       1.2584000      0.00000
       1.2592000      0.00000
       1.2600000      0.00000
       1.2608000      0.00000
       1.2616000      0.00000
       1.2624000      0.00000
       1.2632000      0.00000
       1.2640000      0.00000
       1.2648000      0.00000
       1.2656000      0.00000
       1.2664000      0.00000
       1.2672000      0.00000
       1.2680000      0.00000
       1.2688000      0.00000
       1.2696000      0.00000
       1.2704000      0.00000
       1.2712000      0.00000
       1.2720000      0.00000
       1.2728000      0.00000
       1.2736000      0.00000
       1.2744000      0.00000
       1.2752000      0.00000
       1.2760000      0.00000
       1.2768000      0.00000
       1.2776000      0.00000
       1.2784000      0.00000
       1.2792000      0.00000
       1.2800000      0.00000
       1.2808000      0.00000
       1.2816000      0.00000
       1.2824000      0.00000
       1.2832000      0.00000
       1.2840000      0.00000
       1.2848000      0.00000
       1.2856000      0.00000
       1.2864000      0.00000
       1.2872000      0.00000
       1.2880000      0.00000
       1.2888000      0.00000
       1.2896000      0.00000
       1.2904000      0.00000
       1.2912000      0.00000
       1.2920000      0.00000
       1.2928000      0.00000
       1.2936000      0.00000
       1.2944000      0.00000
       1.2952000      0.00000
       1.2960000      0.00000
       1.2968000      0.00000
       1.2976000      0.00000
       1.2984000      0.00000
       1.2992000      0.00000
       1.3000000      0.00000
       1.3008000      0.00000
       1.3016000      0.00000
       1.3024000      0.00000
       1.3032000      0.00000
       1.3040000      0.00000
       1.3048000      0.00000
       1.3056000      0.00000
       1.3064000      0.00000
       1.3072000      0.00000
       1.3080000      0.00000
       1.3088000      0.00000
       1.3096000      0.00000
       1.3104000      0.00000
       1.3112000      0.00000
       1.3120000      0.00000
       1.3128000      0.00000
       1.3136000      0.00000
       1.3144000      0.00000
       1.3152000      0.00000
       1.3160000      0.00000
       1.3168000      0.00000
       1.3176000      0.00000
       1.3184000      0.00000
       1.3192000      0.00000
       1.3200000      0.00000
       1.3208000      0.00000
       1.3216000      0.00000
       1.3224000      0.00000
       1.3232000      0.00000
       1.3240000      0.00000
       1.3248000      0.00000
       1.3256000      0.00000
       1.3264000      0.00000
       1.3272000      0.00000
       1.3280000      0.00000
       1.3288000      0.00000
       1.3296000      0.00000
       1.3304000      0.00000
       1.3312000      0.00000
       1.3320000      0.00000
       1.3328000      0.00000
       1.3336000      0.00000
       1.3344000      0.00000
       1.3352000      0.00000
       1.3360000      0.00000
       1.3368000      0.00000
       1.3376000      0.00000
       1.3384000      0.00000
       1.3392000      0.00000
       1.3400000      0.00000
       1.3408000      0.00000
       1.3416000      0.00000
       1.3424000      0.00000
       1.3432000      0.00000
       1.3440000      0.00000
       1.3448000      0.00000
       1.3456000      0.00000
       1.3464000      0.00000
       1.3472000      0.00000
       1.3480000      0.00000
       1.3488000      0.00000
       1.3496000      0.00000
       1.3504000      0.00000
       1.3512000      0.00000
       1.3520000      0.00000
       1.3528000      0.00000
       1.3536000      0.00000
       1.3544000      0.00000
       1.3552000      0.00000
       1.3560001      0.00000
       1.3568001      0.00000
       1.3576001      0.00000
       1.3584001      0.00000
       1.3592001      0.00000
       1.3600001      0.00000
       1.3608001      0.00000
       1.3616001      0.00000
       1.3624001      0.00000
       1.3632001      0.00000
       1.3640001      0.00000
       1.3648001      0.00000
       1.3656001      0.00000
       1.3664001      0.00000
       1.3672001      0.00000
       1.3680001      0.00000
       1.3688001      0.00000
       1.3696001      0.00000
       1.3704001      0.00000
       1.3712001      0.00000
       1.3720001      0.00000
       1.3728001      0.00000
       1.3736001      0.00000
       1.3744001      0.00000
       1.3752001      0.00000
       1.3760001      0.00000
       1.3768001      0.00000
       1.3776001      0.00000
       1.3784001      0.00000
       1.3792001      0.00000
       1.3800001      0.00000
       1.3808001      0.00000
       1.3816001      0.00000
       1.3824001      0.00000
       1.3832001      0.00000
       1.3840001      0.00000
       1.3848001      0.00000
       1.3856001      0.00000
       1.3864001      0.00000
       1.3872001      0.00000
       1.3880001      0.00000
       1.3888001      0.00000
       1.3896001      0.00000
       1.3904001      0.00000
       1.3912001      0.00000
       1.3920001      0.00000
       1.3928001      0.00000
       1.3936001      0.00000
       1.3944001      0.00000
       1.3952001      0.00000
       1.3960001      0.00000
       1.3968001      0.00000
       1.3976001      0.00000
       1.3984001      0.00000
       1.3992001      0.00000
       1.4000001      0.00000
       1.4008001      0.00000
       1.4016001      0.00000
       1.4024001      0.00000
       1.4032001      0.00000
       1.4040001      0.00000
       1.4048001      0.00000
       1.4056001      0.00000
       1.4064001      0.00000
       1.4072001  6.66152e-05
       1.4080001  0.000133334
       1.4088001  0.000200157
       1.4096001  0.000267088
       1.4104001  0.000334128
       1.4112001  0.000401271
       1.4120001  0.000468517
       1.4128001  0.000616955
       1.4136001  0.000858166
       1.4144001   0.00113422
       1.4152001   0.00141038
       1.4160001   0.00162003
       1.4168001   0.00182968
       1.4176001   0.00205160
       1.4184001   0.00237165
       1.4192001   0.00278980
       1.4200001   0.00320795
       1.4208001   0.00362609
       1.4216001   0.00396316
       1.4224001   0.00420756
       1.4232001   0.00446628
       1.4240001   0.00482312
       1.4248001   0.00527604
       1.4256001   0.00582162
       1.4264001   0.00644780
       1.4272001   0.00707017
       1.4280001   0.00768872
       1.4288001   0.00831896
       1.4296001   0.00894911
       1.4304001   0.00957915
       1.4312001    0.0102091
       1.4320001    0.0110281
       1.4328001    0.0118482
       1.4336001    0.0126466
       1.4344001    0.0133522
       1.4352001    0.0139649
       1.4360001    0.0145769
       1.4368001    0.0151884
       1.4376001    0.0158818
       1.4384001    0.0166691
       1.4392001    0.0175529
       1.4400001    0.0185360
       1.4408001    0.0193765
       1.4416001    0.0202069
       1.4424001    0.0210528
       1.4432001    0.0219925
       1.4440001    0.0230260
       1.4448001    0.0240643
       1.4456001    0.0251081
       1.4464001    0.0263610
       1.4472001    0.0276094
       1.4480001    0.0288528
       1.4488001    0.0300907
       1.4496001    0.0317492
       1.4504001    0.0334128
       1.4512001    0.0355032
       1.4520001    0.0375936
       1.4528001    0.0396840
       1.4536001    0.0417702
       1.4544001    0.0438517
       1.4552001    0.0459354
       1.4560001    0.0480236
       1.4568001    0.0501139
       1.4576001    0.0522043
       1.4584001    0.0551200
       1.4592001    0.0580404
       1.4600001    0.0607533
       1.4608001    0.0634618
       1.4616001    0.0661657
       1.4624001    0.0697033
       1.4632001    0.0732409
       1.4640001    0.0765708
       1.4648001    0.0799051
       1.4656001    0.0844937
       1.4664001    0.0890941
       1.4672001    0.0933997
       1.4680001    0.0983474
       1.4688001     0.103378
       1.4696001     0.108612
       1.4704001     0.114673
       1.4712001     0.119900
       1.4720001     0.125126
       1.4728001     0.130564
       1.4736001     0.136003
       1.4744001     0.140912
       1.4752001     0.146308
       1.4760001     0.151171
       1.4768001     0.156438
       1.4776001     0.161922
       1.4784001     0.167530
       1.4792001     0.174438
       1.4800001     0.181346
       1.4808001     0.189922
       1.4816001     0.198283
       1.4824001     0.206640
       1.4832001     0.215496
       1.4840001     0.224058
       1.4848001     0.232752
       1.4856001     0.241551
       1.4864001     0.252772
       1.4872001     0.263671
       1.4880001     0.275117
       1.4888001     0.287720
       1.4896001     0.299161
       1.4904001     0.310998
       1.4912001     0.324179
       1.4920001     0.336137
       1.4928001     0.348973
       1.4936001     0.361557
       1.4944001     0.374738
       1.4952001     0.384316
       1.4960001     0.395051
       1.4968001     0.403991
       1.4976001     0.413032
       1.4984001     0.423299
       1.4992001     0.433379
       1.5000001     0.442566
       1.5008001     0.452992
       1.5016001     0.464288
       1.5024001     0.475656
       1.5032001     0.485304
       1.5040001     0.495718
       1.5048001     0.506119
       1.5056001     0.515751
       1.5064001     0.525063
       1.5072001     0.532015
       1.5080001     0.539243
       1.5088001     0.547202
       1.5096001     0.553927
       1.5104001     0.560799
       1.5112001     0.568985
       1.5120001     0.574761
       1.5128001     0.580865
       1.5136001     0.590043
       1.5144001     0.599122
       1.5152001     0.607812
       1.5160001     0.617629
       1.5168001     0.627171
       1.5176001     0.635732
       1.5184001     0.644486
       1.5192001     0.651723
       1.5200001     0.657673
       1.5208001     0.665943
       1.5216001     0.673888
       1.5224001     0.678079
       1.5232001     0.682264
       1.5240001     0.686311
       1.5248001     0.689867
       1.5256001     0.693638
       1.5264001     0.697210
       1.5272001     0.701005
       1.5280001     0.704207
       1.5288001     0.707001
       1.5296001     0.709854
       1.5304001     0.712607
       1.5312001     0.714898
       1.5320001     0.717190
       1.5328001     0.719044
       1.5336001     0.720799
       1.5344001     0.722034
       1.5352001     0.723173
       1.5360001     0.723796
       1.5368001     0.724335
       1.5376001     0.724789
       1.5384001     0.725149
       1.5392001     0.725410
       1.5400001     0.725240
       1.5408001     0.725155
       1.5416001     0.724521
       1.5424001     0.723792
       1.5432001     0.722969
       1.5440001     0.722135
       1.5448001     0.721301
       1.5456001     0.719577
       1.5464001     0.717764
       1.5472001     0.715228
       1.5480001     0.712602
       1.5488001     0.709386
       1.5496001     0.705899
       1.5504001     0.702797
       1.5512001     0.699487
       1.5520001     0.696183
       1.5528001     0.692375
       1.5536001     0.688474
       1.5544001     0.684955
       1.5552001     0.681426
       1.5560001     0.677490
       1.5568001     0.673553
       1.5576001     0.670451
       1.5584001     0.667349
       1.5592001     0.664247
       1.5600001     0.661141
       1.5608001     0.658030
       1.5616001     0.655129
       1.5624001     0.652228
       1.5632001     0.649339
       1.5640001     0.646456
       1.5648001     0.644608
       1.5656001     0.642757
       1.5664001     0.640901
       1.5672001     0.638692
       1.5680001     0.636577
       1.5688001     0.634731
       1.5696001     0.632885
       1.5704001     0.631262
       1.5712001     0.629733
       1.5720001     0.628488
       1.5728001     0.627337
       1.5736001     0.626281
       1.5744001     0.625591
       1.5752001     0.625094
       1.5760001     0.624883
       1.5768001     0.624672
       1.5776001     0.624519
       1.5784001     0.624554
       1.5792001     0.625177
       1.5800001     0.625900
       1.5808001     0.626933
       1.5816001     0.627916
       1.5824001     0.629098
       1.5832001     0.630345
       1.5840001     0.631577
       1.5848001     0.633104
       1.5856001     0.634841
       1.5864001     0.636538
       1.5872001     0.638638
       1.5880001     0.641562
       1.5888001     0.644487
       1.5896001     0.647411
       1.5904001     0.650681
       1.5912001     0.653846
       1.5920001     0.657313
       1.5928001     0.660988
       1.5936001     0.664576
       1.5944001     0.668247
       1.5952001     0.673225
       1.5960001     0.677805
       1.5968001     0.681364
       1.5976001     0.684913
       1.5984001     0.688451
       1.5992001     0.692215
       1.6000001     0.695984
       1.6008001     0.699835
       1.6016001     0.703492
       1.6024001     0.707387
       1.6032001     0.711078
       1.6040001     0.713569
       1.6048001     0.716054
       1.6056001     0.718535
       1.6064001     0.721027
       1.6072001     0.723528
       1.6080001     0.725603
       1.6088001     0.727673
       1.6096001     0.729115
       1.6104001     0.730551
       1.6112001     0.731761
       1.6120001     0.732883
       1.6128001     0.733915
       1.6136001     0.734853
       1.6144001     0.735486
       1.6152001     0.736020
       1.6160001     0.736454
       1.6168001     0.736794
       1.6176001     0.737041
       1.6184001     0.737138
       1.6192001     0.737052
       1.6200001     0.736841
       1.6208001     0.736630
       1.6216001     0.736208
       1.6224001     0.735785
       1.6232001     0.735363
       1.6240001     0.734859
       1.6248001     0.734261
       1.6256001     0.733628
       1.6264001     0.732995
       1.6272001     0.732417
       1.6280001     0.731929
       1.6288001     0.731507
       1.6296001     0.731084
       1.6304001     0.730873
       1.6312001     0.730662
       1.6320001     0.730451
       1.6328001     0.730322
       1.6336001     0.730287
       1.6344001     0.730334
       1.6352001     0.730475
       1.6360001     0.730686
       1.6368001     0.730897
       1.6376001     0.731108
       1.6384001     0.731417
       1.6392001     0.731825
       1.6400001     0.732328
       1.6408001     0.732926
       1.6416001     0.734496
       1.6424001     0.736554
       1.6432001     0.738680
       1.6440001     0.740907
       1.6448001     0.743233
       1.6456001     0.745659
       1.6464001     0.749017
       1.6472001     0.752371
       1.6480001     0.755720
       1.6488001     0.759480
       1.6496001     0.763239
       1.6504001     0.766745
       1.6512001     0.769864
       1.6520001     0.773373
       1.6528001     0.776778
       1.6536001     0.780738
       1.6544001     0.784697
       1.6552001     0.788868
       1.6560001     0.793039
       1.6568001     0.797210
       1.6576001     0.801391
       1.6584001     0.805583
       1.6592001     0.809358
       1.6600001     0.813121
       1.6608001     0.816468
       1.6616001     0.819815
       1.6624001     0.822739
       1.6632001     0.825664
       1.6640001     0.827955
       1.6648001     0.830247
       1.6656001     0.832538
       1.6664001     0.834536
       1.6672001     0.836428
       1.6680001     0.838081
       1.6688001     0.839744
       1.6696001     0.841616
       1.6704001     0.843492
       1.6712001     0.845159
       1.6720001     0.846820
       1.6728001     0.848064
       1.6736001     0.849215
       1.6744001     0.850272
       1.6752001     0.851106
       1.6760001     0.851940
       1.6768001     0.852771
       1.6776001     0.853596
       1.6784001     0.854182
       1.6792001     0.854675
       1.6800001     0.855074
       1.6808001     0.855378
       1.6816001     0.855589
       1.6824001     0.855887
       1.6832001     0.856285
       1.6840001     0.856774
       1.6848001     0.857352
       1.6856001     0.857917
       1.6864001     0.858387
       1.6872001     0.859010
       1.6880001     0.859634
       1.6888001     0.860257
       1.6896001     0.860979
       1.6904001     0.861801
       1.6912001     0.862626
       1.6920001     0.863442
       1.6928001     0.864679
       1.6936001     0.865922
       1.6944001     0.867215
       1.6952001     0.868608
       1.6960001     0.870290
       1.6968001     0.872065
       1.6976001     0.874146
       1.6984001     0.876220
       1.6992001     0.878290
       1.7000001     0.880793
       1.7008001     0.883313
       1.7016001     0.886242
       1.7024001     0.889162
       1.7032001     0.892077
       1.7040001     0.894991
       1.7048001     0.898338
       1.7056001     0.901684
       1.7064001     0.905242
       1.7072001     0.908801
       1.7080001     0.912360
       1.7088001     0.915699
       1.7096001     0.919027
       1.7104001     0.922064
       1.7112001     0.925315
       1.7120001     0.928521
       1.7128001     0.931917
       1.7136001     0.935044
       1.7144001     0.938176
       1.7152001     0.941524
       1.7160001     0.944867
       1.7168001     0.948427
       1.7176001     0.951770
       1.7184001     0.955109
       1.7192001     0.958321
       1.7200001     0.961335
       1.7208001     0.964819
       1.7216001     0.968104
       1.7224001     0.971027
       1.7232001     0.973944
       1.7240001     0.976436
       1.7248001     0.978837
       1.7256001     0.980927
       1.7264001     0.983007
       1.7272001     0.985087
       1.7280001     0.986967
       1.7288001     0.988846
       1.7296001     0.990308
       1.7304001     0.991780
       1.7312001     0.993013
       1.7320001     0.994152
       1.7328001     0.994986
       1.7336001     0.995820
       1.7344001     0.996655
       1.7352001     0.997481
       1.7360001     0.998312
       1.7368001     0.998883
       1.7376001     0.999354
       1.7384001     0.999727
       1.7392001      1.00000
       1.7400001     0.999789
       1.7408001     0.999479
       1.7416001     0.999069
       1.7424001     0.997953
       1.7432001     0.996744
       1.7440001     0.994539
       1.7448001     0.992150
       1.7456001     0.988991
       1.7464001     0.985737
       1.7472001     0.981756
       1.7480001     0.977686
       1.7488001     0.973950
       1.7496001     0.969607
       1.7504001     0.965270
       1.7512001     0.960711
       1.7520001     0.956151
       1.7528001     0.951801
       1.7536001     0.947446
       1.7544001     0.943098
       1.7552001     0.934593
       1.7560001     0.926722
       1.7568001     0.918443
       1.7576001     0.910160
       1.7584001     0.899375
       1.7592001     0.888590
       1.7600001     0.878639
       1.7608001     0.866615
       1.7616001     0.855209
       1.7624001     0.840485
       1.7632001     0.826379
       1.7640001     0.812490
       1.7648001     0.798601
       1.7656001     0.785114
       1.7664001     0.767267
       1.7672001     0.752534
       1.7680001     0.734055
       1.7688001     0.715581
       1.7696001     0.698761
       1.7704001     0.677591
       1.7712001     0.659728
       1.7720001     0.639185
       1.7728001     0.622577
       1.7736001     0.601194
       1.7744001     0.579810
       1.7752001     0.562786
       1.7760001     0.542445
       1.7768001     0.525844
       1.7776001     0.507380
       1.7784001     0.489334
       1.7792001     0.473965
       1.7800001     0.454673
       1.7808001     0.438072
       1.7816001     0.418350
       1.7824001     0.403416
       1.7832001     0.383702
       1.7840001     0.363377
       1.7848001     0.346370
       1.7856001     0.326256
       1.7864001     0.308005
       1.7872001     0.287458
       1.7880001     0.268593
       1.7888001     0.252832
       1.7896001     0.236655
       1.7904001     0.223606
       1.7912001     0.207426
       1.7920001     0.196021
       1.7928001     0.182533
       1.7936001     0.169044
       1.7944001     0.158255
       1.7952001     0.147046
       1.7960001     0.138129
       1.7968001     0.127544
       1.7976001     0.117799
       1.7984001     0.107248
       1.7992001    0.0967912
       1.8000001    0.0891202
       1.8008001    0.0814492
       1.8016001    0.0760457
       1.8024001    0.0706513
       1.8032001    0.0656782
       1.8040001    0.0604934
       1.8048001    0.0553185
       1.8056001    0.0515978
       1.8064001    0.0478682
       1.8072001    0.0447309
       1.8080001    0.0414999
       1.8088001    0.0385995
       1.8096001    0.0357085
       1.8104001    0.0332496
       1.8112001    0.0305722
       1.8120001    0.0278856
       1.8128001    0.0258259
       1.8136001    0.0237618
       1.8144001    0.0219065
       1.8152001    0.0200556
       1.8160001    0.0188323
       1.8168001    0.0176045
       1.8176001    0.0163709
       1.8184001    0.0151365
       1.8192001    0.0139038
       1.8200001    0.0129194
       1.8208001    0.0120290
       1.8216001    0.0112093
       1.8224001    0.0103909
       1.8232001   0.00957312
       1.8240001   0.00875212
       1.8248001   0.00792788
       1.8256001   0.00717889
       1.8264001   0.00652960
       1.8272001   0.00597108
       1.8280001   0.00550035
       1.8288001   0.00506131
       1.8296001   0.00452961
       1.8304001   0.00392841
       1.8312001   0.00341987
       1.8320001   0.00300401
       1.8328001   0.00268083
       1.8336001   0.00245033
       1.8344001   0.00224298
       1.8352001   0.00203563
       1.8360001   0.00182828
       1.8368001   0.00162093
       1.8376001   0.00143674
       1.8384001   0.00134521
       1.8392001   0.00134636
       1.8400001   0.00129960
       1.8408001   0.00119810
       1.8416001   0.00107601
       1.8424001  0.000953805
       1.8432001  0.000831505
       1.8440001  0.000709108
       1.8448001  0.000586611
       1.8456001  0.000464012
       1.8464001  0.000341310
       1.8472001  0.000218505
       1.8480001  9.55970e-05
       1.8488001  2.04822e-05
       1.8496001  4.89922e-10
       1.8504001  4.89922e-10
       1.8512001  4.89922e-10
       1.8520001  4.89922e-10
       1.8528001  4.89922e-10
       1.8536001  4.89922e-10
       1.8544001  4.89922e-10
       1.8552001  4.89922e-10
       1.8560001  4.89922e-10
       1.8568001  4.89922e-10
       1.8576001  4.89922e-10
       1.8584001  4.89922e-10
       1.8592001  4.89922e-10
       1.8600001  4.89922e-10
       1.8608001  4.89922e-10
       1.8616001  4.89922e-10
       1.8624001  4.89922e-10
       1.8632001  4.89922e-10
       1.8640001  4.89922e-10
       1.8648001  4.89922e-10
       1.8656001  4.89922e-10
       1.8664001  4.89922e-10
       1.8672001  4.89922e-10
       1.8680001  4.89922e-10
       1.8688001  4.89922e-10
       1.8696001  4.89922e-10
       1.8704001  4.89922e-10
       1.8712001  4.89922e-10
       1.8720001  4.89922e-10
       1.8728001  4.89922e-10
       1.8736001  4.89922e-10
       1.8744001  4.89922e-10
       1.8752001  4.89922e-10
       1.8760001  4.89922e-10
       1.8768001  4.89922e-10
       1.8776001  4.89922e-10
       1.8784001  4.89922e-10
       1.8792001  4.89922e-10
       1.8800001  4.89922e-10
       1.8808001  4.89922e-10
       1.8816001  4.89922e-10
       1.8824001  4.89922e-10
       1.8832001  4.89922e-10
       1.8840001  4.89922e-10
       1.8848001  4.89922e-10
       1.8856001  4.89922e-10
       1.8864001  4.89922e-10
       1.8872001  4.89922e-10
       1.8880001  4.89922e-10
       1.8888001  4.89922e-10
       1.8896001  4.89922e-10
       1.8904001  4.89922e-10
       1.8912001  4.89922e-10
       1.8920001  4.89922e-10
       1.8928001  4.89922e-10
       1.8936001  4.89922e-10
       1.8944001  4.89922e-10
       1.8952001  4.89922e-10
       1.8960001  4.89922e-10
       1.8968001  4.89922e-10
       1.8976001  4.89922e-10
       1.8984001  4.89922e-10
       1.8992001  4.89922e-10
       1.9000001  4.89922e-10
       1.9008001  4.89922e-10
       1.9016001  4.89922e-10
       1.9024001  4.89922e-10
       1.9032001  4.89922e-10
       1.9040001  4.89922e-10
       1.9048001  4.89922e-10
       1.9056001  4.89922e-10
       1.9064001  4.89922e-10
       1.9072001  4.89922e-10
       1.9080001  4.89922e-10
       1.9088001  4.89922e-10
       1.9096001  4.89922e-10
       1.9104001  4.89922e-10
       1.9112001  4.89922e-10
       1.9120001  4.89922e-10
       1.9128001  4.89922e-10
       1.9136001  4.89922e-10
       1.9144001  4.89922e-10
       1.9152001  4.89922e-10
       1.9160001  4.89922e-10
       1.9168001  4.89922e-10
       1.9176001  4.89922e-10
       1.9184001  4.89922e-10
       1.9192001  4.89922e-10
       1.9200001  4.89922e-10
       1.9208001  4.89922e-10
       1.9216001  4.89922e-10
       1.9224001  4.89922e-10
       1.9232001  4.89922e-10
       1.9240001  4.89922e-10
       1.9248001  4.89922e-10
       1.9256001  4.89922e-10
       1.9264001  4.89922e-10
       1.9272001  4.89922e-10
       1.9280001  4.89922e-10
       1.9288001  4.89922e-10
       1.9296001  4.89922e-10
       1.9304001  4.89922e-10
       1.9312001  4.89922e-10
       1.9320001  4.89922e-10
       1.9328001  4.89922e-10
       1.9336001  4.89922e-10
       1.9344001  4.89922e-10
       1.9352001  4.89922e-10
       1.9360001  4.89922e-10
       1.9368001  4.89922e-10
       1.9376001  4.89922e-10
       1.9384001  4.89922e-10
       1.9392001  4.89922e-10
       1.9400001  4.89922e-10
       1.9408001  4.89922e-10
       1.9416001  4.89922e-10
       1.9424001  4.89922e-10
       1.9432001  4.89922e-10
       1.9440001  4.89922e-10
       1.9448001  4.89922e-10
       1.9456001  4.89922e-10
       1.9464001  4.89922e-10
       1.9472001  4.89922e-10
       1.9480001  4.89922e-10
       1.9488001  4.89922e-10
       1.9496001  4.89922e-10
       1.9504001  4.89922e-10
       1.9512001  4.89922e-10
       1.9520001  4.89922e-10
       1.9528001  4.89922e-10
       1.9536001  4.89922e-10
       1.9544001  4.89922e-10
       1.9552001  4.89922e-10
       1.9560001  4.89922e-10
       1.9568001  4.89922e-10
       1.9576001  4.89922e-10
       1.9584001  4.89922e-10
       1.9592001  4.89922e-10
       1.9600001  4.89922e-10
       1.9608001  4.89922e-10
       1.9616001  4.89922e-10
       1.9624001  4.89922e-10
       1.9632001  4.89922e-10
       1.9640001  4.89922e-10
       1.9648001  4.89922e-10
       1.9656001  4.89922e-10
       1.9664001  4.89922e-10
       1.9672001  4.89922e-10
       1.9680001  4.89922e-10
       1.9688001  4.89922e-10
       1.9696001  4.89922e-10
       1.9704001  4.89922e-10
       1.9712001  4.89922e-10
       1.9720001  4.89922e-10
       1.9728001  4.89922e-10
       1.9736001  4.89922e-10
       1.9744001  4.89922e-10
       1.9752001  4.89922e-10
       1.9760001  4.89922e-10
       1.9768001  4.89922e-10
       1.9776001  4.89922e-10
       1.9784001  4.89922e-10
       1.9792001  4.89922e-10
       1.9800001  4.89922e-10
       1.9808001  4.89922e-10
       1.9816001  4.89922e-10
       1.9824001  4.89922e-10
       1.9832001  4.89922e-10
       1.9840001  4.89922e-10
       1.9848001  4.89922e-10
       1.9856001  4.89922e-10
       1.9864001  4.89922e-10
       1.9872001  4.89922e-10
       1.9880001  4.89922e-10
       1.9888001  4.89922e-10
       1.9896001  4.89922e-10
       1.9904001  4.89922e-10
       1.9912001  4.89922e-10
       1.9920001  4.89922e-10
       1.9928001  4.89922e-10
       1.9936001  4.89922e-10
       1.9944001  4.89922e-10
       1.9952001  4.89922e-10
       1.9960001  4.89922e-10
       1.9968001      0.00000
       1.9976001      0.00000
       1.9984001      0.00000
       1.9992001      0.00000
       2.0000001      0.00000
