#http://www2.keck.hawaii.edu/inst/nirc2/filters.html, 18 Feb 2013
#normalized, and points lt 0 set to 0.
   1.39685   0.00021
   1.39723   0.00021
   1.39762   0.00020
   1.39801   0.00020
   1.39839   0.00019
   1.39878   0.00019
   1.39917   0.00019
   1.39956   0.00018
   1.39995   0.00018
   1.40033   0.00017
   1.40072   0.00017
   1.40111   0.00016
   1.40149   0.00016
   1.40188   0.00016
   1.40227   0.00015
   1.40266   0.00015
   1.40304   0.00014
   1.40343   0.00014
   1.40382   0.00014
   1.40421   0.00013
   1.40459   0.00013
   1.40498   0.00012
   1.40537   0.00012
   1.40576   0.00012
   1.40614   0.00011
   1.40653   0.00011
   1.40692   0.00010
   1.40731   0.00010
   1.40769   0.00009
   1.40808   0.00009
   1.40847   0.00009
   1.40885   0.00008
   1.40924   0.00008
   1.40963   0.00007
   1.41002   0.00007
   1.41040   0.00007
   1.41079   0.00006
   1.41118   0.00006
   1.41157   0.00005
   1.41195   0.00005
   1.41234   0.00005
   1.41273   0.00004
   1.41312   0.00004
   1.41350   0.00003
   1.41389   0.00003
   1.41428   0.00003
   1.41466   0.00002
   1.41505   0.00002
   1.41544   0.00001
   1.41544   0.00125
   1.41583   0.00124
   1.41622   0.00124
   1.41660   0.00124
   1.41699   0.00000
   1.41738   0.00000
   1.41776   0.00000
   1.41815   0.00000
   1.41854   0.00000
   1.41893   0.00000
   1.41931   0.00000
   1.41970   0.00000
   1.42009   0.00000
   1.42048   0.00000
   1.42086   0.00000
   1.42125   0.00000
   1.42164   0.00000
   1.42202   0.00000
   1.42241   0.00000
   1.42280   0.00000
   1.42319   0.00000
   1.42358   0.00000
   1.42396   0.00000
   1.42435   0.00000
   1.42474   0.00000
   1.42512   0.00000
   1.42551   0.00000
   1.42590   0.00000
   1.42629   0.00000
   1.42667   0.00000
   1.42706   0.00000
   1.42745   0.00000
   1.42784   0.00000
   1.42822   0.00000
   1.42861   0.00000
   1.42900   0.00000
   1.42939   0.00000
   1.42977   0.00000
   1.43016   0.00000
   1.43055   0.00000
   1.43094   0.00000
   1.43132   0.00000
   1.43171   0.00000
   1.43210   0.00000
   1.43248   0.00000
   1.43287   0.00000
   1.43326   0.00000
   1.43365   0.00000
   1.43403   0.00000
   1.43442   0.00000
   1.43481   0.00000
   1.43520   0.00000
   1.43558   0.00000
   1.43597   0.00000
   1.43636   0.00000
   1.43675   0.00000
   1.43713   0.00000
   1.43752   0.00000
   1.43752   0.00101
   1.43791   0.00101
   1.43830   0.00101
   1.43868   0.00100
   1.43907   0.00100
   1.43946   0.00099
   1.43985   0.00099
   1.43985   0.00222
   1.44024   0.00222
   1.44062   0.00222
   1.44101   0.00221
   1.44140   0.00221
   1.44178   0.00220
   1.44217   0.00220
   1.44256   0.00219
   1.44295   0.00219
   1.44334   0.00219
   1.44372   0.00218
   1.44372   0.00342
   1.44411   0.00341
   1.44450   0.00341
   1.44450   0.00464
   1.44489   0.00464
   1.44527   0.00463
   1.44528   0.00587
   1.44566   0.00587
   1.44605   0.00586
   1.44644   0.00586
   1.44683   0.00585
   1.44721   0.00585
   1.44760   0.00584
   1.44760   0.00708
   1.44799   0.00707
   1.44838   0.00707
   1.44838   0.00831
   1.44877   0.00830
   1.44915   0.00830
   1.44954   0.00829
   1.44954   0.00953
   1.44993   0.00952
   1.45032   0.00952
   1.45032   0.01075
   1.45071   0.01075
   1.45109   0.01075
   1.45110   0.01198
   1.45148   0.01198
   1.45149   0.01321
   1.45187   0.01321
   1.45226   0.01320
   1.45226   0.01444
   1.45265   0.01443
   1.45304   0.01443
   1.45304   0.01566
   1.45343   0.01566
   1.45343   0.01689
   1.45381   0.01689
   1.45382   0.01812
   1.45420   0.01812
   1.45421   0.01935
   1.45459   0.01935
   1.45459   0.02058
   1.45498   0.02058
   1.45498   0.02181
   1.45537   0.02181
   1.45576   0.02181
   1.45576   0.02304
   1.45576   0.02427
   1.45615   0.02427
   1.45615   0.02550
   1.45654   0.02550
   1.45654   0.02673
   1.45654   0.02797
   1.45693   0.02797
   1.45693   0.02920
   1.45732   0.02920
   1.45732   0.03043
   1.45771   0.03043
   1.45771   0.03166
   1.45771   0.03289
   1.45810   0.03289
   1.45810   0.03412
   1.45849   0.03535
   1.45849   0.03659
   1.45888   0.03659
   1.45888   0.03905
   1.45888   0.04029
   1.45927   0.04028
   1.45927   0.04152
   1.45927   0.04275
   1.45966   0.04275
   1.45966   0.04522
   1.46005   0.04521
   1.46005   0.04768
   1.46044   0.04768
   1.46045   0.05015
   1.46045   0.05138
   1.46083   0.05138
   1.46084   0.05385
   1.46084   0.05508
   1.46123   0.05508
   1.46123   0.05631
   1.46123   0.05754
   1.46162   0.05754
   1.46162   0.06001
   1.46201   0.06001
   1.46201   0.06247
   1.46202   0.06371
   1.46240   0.06370
   1.46241   0.06741
   1.46241   0.06864
   1.46280   0.06864
   1.46280   0.07234
   1.46280   0.07358
   1.46319   0.07357
   1.46320   0.07851
   1.46320   0.07974
   1.46359   0.07974
   1.46359   0.08468
   1.46360   0.08591
   1.46398   0.08591
   1.46399   0.08961
   1.46399   0.09084
   1.46438   0.09084
   1.46438   0.09331
   1.46438   0.09454
   1.46477   0.09454
   1.46477   0.09824
   1.46516   0.09824
   1.46517   0.10564
   1.46517   0.10688
   1.46556   0.10687
   1.46556   0.10934
   1.46557   0.11058
   1.46595   0.11057
   1.46596   0.11551
   1.46596   0.11798
   1.46635   0.11798
   1.46636   0.12538
   1.46636   0.12662
   1.46636   0.12785
   1.46675   0.12785
   1.46676   0.13278
   1.46676   0.13525
   1.46676   0.13649
   1.46715   0.13648
   1.46715   0.13895
   1.46716   0.14019
   1.46754   0.14018
   1.46755   0.14265
   1.46755   0.14389
   1.46794   0.14388
   1.46794   0.15005
   1.46795   0.15129
   1.46834   0.15128
   1.46834   0.15746
   1.46835   0.15869
   1.46873   0.15869
   1.46874   0.16609
   1.46874   0.16733
   1.46875   0.16856
   1.46913   0.16856
   1.46914   0.17473
   1.46914   0.17596
   1.46915   0.17720
   1.46953   0.17719
   1.46954   0.18213
   1.46954   0.18460
   1.46993   0.18460
   1.46994   0.19077
   1.46994   0.19324
   1.47033   0.19323
   1.47034   0.19693
   1.47034   0.19817
   1.47072   0.19817
   1.47073   0.20187
   1.47073   0.20310
   1.47112   0.20310
   1.47113   0.20927
   1.47113   0.21050
   1.47152   0.21050
   1.47153   0.21914
   1.47153   0.22038
   1.47192   0.22037
   1.47192   0.22531
   1.47193   0.22654
   1.47231   0.22654
   1.47232   0.23148
   1.47232   0.23395
   1.47232   0.23518
   1.47271   0.23518
   1.47272   0.24135
   1.47272   0.24382
   1.47311   0.24381
   1.47312   0.24998
   1.47312   0.25122
   1.47351   0.25121
   1.47352   0.25615
   1.47352   0.25739
   1.47352   0.25862
   1.47391   0.25862
   1.47391   0.26232
   1.47391   0.26355
   1.47392   0.26479
   1.47430   0.26478
   1.47431   0.26972
   1.47470   0.26972
   1.47471   0.27712
   1.47471   0.27836
   1.47510   0.27835
   1.47511   0.28453
   1.47549   0.28452
   1.47550   0.29069
   1.47550   0.29193
   1.47589   0.29192
   1.47590   0.29933
   1.47590   0.30056
   1.47590   0.30180
   1.47629   0.30180
   1.47630   0.30673
   1.47669   0.30673
   1.47669   0.31043
   1.47669   0.31167
   1.47669   0.31290
   1.47708   0.31290
   1.47709   0.31783
   1.47709   0.31907
   1.47748   0.31906
   1.47749   0.32770
   1.47749   0.32894
   1.47788   0.32894
   1.47789   0.33511
   1.47789   0.33634
   1.47789   0.33758
   1.47828   0.33757
   1.47828   0.34251
   1.47867   0.34250
   1.47869   0.35115
   1.47869   0.35485
   1.47908   0.35484
   1.47909   0.36102
   1.47947   0.36101
   1.47948   0.36595
   1.47948   0.36718
   1.47987   0.36718
   1.47988   0.37212
   1.47988   0.37335
   1.48027   0.37335
   1.48028   0.38075
   1.48066   0.38075
   1.48067   0.38939
   1.48068   0.39186
   1.48107   0.39186
   1.48108   0.40050
   1.48108   0.40173
   1.48147   0.40173
   1.48148   0.41160
   1.48148   0.41284
   1.48187   0.41283
   1.48188   0.42394
   1.48189   0.42518
   1.48189   0.42641
   1.48228   0.42641
   1.48229   0.43628
   1.48268   0.43628
   1.48269   0.44368
   1.48269   0.44492
   1.48308   0.44491
   1.48308   0.44738
   1.48308   0.44862
   1.48347   0.44861
   1.48347   0.45232
   1.48386   0.45231
   1.48388   0.46465
   1.48388   0.46836
   1.48427   0.46835
   1.48429   0.48070
   1.48468   0.48069
   1.48469   0.49304
   1.48469   0.49427
   1.48470   0.49551
   1.48508   0.49550
   1.48510   0.50908
   1.48510   0.51031
   1.48511   0.51155
   1.48549   0.51154
   1.48550   0.52019
   1.48551   0.52265
   1.48590   0.52265
   1.48591   0.53006
   1.48591   0.53129
   1.48630   0.53129
   1.48631   0.53993
   1.48670   0.53992
   1.48671   0.54856
   1.48671   0.54980
   1.48710   0.54979
   1.48711   0.56214
   1.48712   0.56337
   1.48750   0.56337
   1.48752   0.57818
   1.48752   0.57941
   1.48753   0.58065
   1.48791   0.58064
   1.48794   0.59669
   1.48794   0.59793
   1.48794   0.59916
   1.48833   0.59916
   1.48834   0.61150
   1.48835   0.61273
   1.48873   0.61273
   1.48874   0.62137
   1.48875   0.62384
   1.48914   0.62384
   1.48915   0.63371
   1.48915   0.63494
   1.48954   0.63494
   1.48956   0.65222
   1.48995   0.65222
   1.48996   0.66209
   1.48997   0.66333
   1.49035   0.66332
   1.49037   0.67814
   1.49038   0.68060
   1.49076   0.68060
   1.49079   0.69541
   1.49079   0.69665
   1.49117   0.69664
   1.49119   0.70899
   1.49119   0.71022
   1.49158   0.71022
   1.49159   0.72009
   1.49198   0.72009
   1.49200   0.73120
   1.49200   0.73243
   1.49239   0.73243
   1.49240   0.74477
   1.49241   0.74601
   1.49279   0.74600
   1.49281   0.75958
   1.49320   0.75958
   1.49322   0.77192
   1.49360   0.77192
   1.49362   0.78179
   1.49362   0.78302
   1.49362   0.78426
   1.49401   0.78426
   1.49403   0.79783
   1.49441   0.79783
   1.49443   0.81017
   1.49482   0.81017
   1.49483   0.82004
   1.49483   0.82128
   1.49522   0.82127
   1.49523   0.82868
   1.49523   0.82991
   1.49562   0.82991
   1.49563   0.83608
   1.49563   0.83732
   1.49602   0.83731
   1.49603   0.84595
   1.49603   0.84719
   1.49642   0.84718
   1.49643   0.85706
   1.49644   0.85829
   1.49682   0.85829
   1.49684   0.86816
   1.49684   0.86940
   1.49723   0.86939
   1.49724   0.88174
   1.49724   0.88297
   1.49763   0.88297
   1.49764   0.89037
   1.49764   0.89161
   1.49803   0.89160
   1.49804   0.89531
   1.49804   0.89778
   1.49843   0.89777
   1.49843   0.90148
   1.49843   0.90271
   1.49882   0.90271
   1.49882   0.90394
   1.49921   0.90394
   1.49922   0.90887
   1.49922   0.91011
   1.49961   0.91010
   1.49961   0.91628
   1.50000   0.91627
   1.50002   0.92738
   1.50040   0.92738
   1.50042   0.93602
   1.50042   0.93725
   1.50081   0.93725
   1.50081   0.94219
   1.50120   0.94218
   1.50121   0.94588
   1.50121   0.94712
   1.50160   0.94711
   1.50160   0.94958
   1.50199   0.94958
   1.50199   0.95081
   1.50199   0.95205
   1.50238   0.95204
   1.50238   0.95451
   1.50238   0.95575
   1.50277   0.95574
   1.50277   0.95945
   1.50316   0.95944
   1.50317   0.96315
   1.50355   0.96314
   1.50356   0.96684
   1.50356   0.96808
   1.50395   0.96807
   1.50395   0.96931
   1.50395   0.97054
   1.50434   0.97054
   1.50434   0.97177
   1.50473   0.97177
   1.50473   0.97300
   1.50473   0.97424
   1.50512   0.97423
   1.50512   0.97547
   1.50551   0.97546
   1.50590   0.97546
   1.50590   0.97669
   1.50628   0.97669
   1.50629   0.97792
   1.50667   0.97792
   1.50668   0.97916
   1.50668   0.98039
   1.50706   0.98039
   1.50707   0.98162
   1.50745   0.98162
   1.50745   0.98285
   1.50784   0.98285
   1.50823   0.98284
   1.50862   0.98284
   1.50862   0.98407
   1.50901   0.98407
   1.50901   0.98530
   1.50940   0.98530
   1.50940   0.98653
   1.50979   0.98653
   1.50979   0.98776
   1.51017   0.98776
   1.51017   0.98899
   1.51056   0.98899
   1.51095   0.98898
   1.51134   0.98898
   1.51172   0.98898
   1.51173   0.99021
   1.51211   0.99021
   1.51212   0.99144
   1.51250   0.99144
   1.51289   0.99143
   1.51289   0.99267
   1.51328   0.99266
   1.51367   0.99266
   1.51405   0.99142
   1.51444   0.99142
   1.51483   0.99141
   1.51522   0.99141
   1.51560   0.99140
   1.51560   0.99264
   1.51561   0.99387
   1.51599   0.99387
   1.51600   0.99510
   1.51638   0.99510
   1.51638   0.99633
   1.51677   0.99633
   1.51716   0.99509
   1.51754   0.99509
   1.51793   0.99385
   1.51832   0.99384
   1.51832   0.99508
   1.51871   0.99507
   1.51871   0.99631
   1.51909   0.99631
   1.51910   0.99754
   1.51948   0.99754
   1.51987   0.99753
   1.51987   0.99877
   1.51988   1.00000
   1.52026   1.00000
   1.52065   0.99752
   1.52103   0.99752
   1.52142   0.99628
   1.52181   0.99504
   1.52219   0.99380
   1.52258   0.99257
   1.52296   0.99133
   1.52296   0.99256
   1.52335   0.98885
   1.52373   0.98762
   1.52412   0.98638
   1.52451   0.98637
   1.52489   0.98390
   1.52528   0.98390
   1.52566   0.98019
   1.52605   0.98018
   1.52643   0.97895
   1.52643   0.98018
   1.52682   0.97647
   1.52720   0.97647
   1.52759   0.97523
   1.52797   0.97276
   1.52836   0.97275
   1.52836   0.97399
   1.52874   0.96905
   1.52913   0.96657
   1.52951   0.96534
   1.52951   0.96657
   1.52952   0.96780
   1.52989   0.96163
   1.53028   0.96039
   1.53066   0.95792
   1.53105   0.95544
   1.53105   0.95668
   1.53105   0.95791
   1.53143   0.95174
   1.53182   0.95050
   1.53220   0.94803
   1.53259   0.94679
   1.53259   0.94802
   1.53296   0.94185
   1.53335   0.94061
   1.53374   0.93937
   1.53374   0.94060
   1.53412   0.93566
   1.53451   0.93442
   1.53489   0.93072
   1.53527   0.92948
   1.53527   0.93071
   1.53566   0.92577
   1.53604   0.92577
   1.53643   0.92329
   1.53643   0.92453
   1.53681   0.91959
   1.53719   0.91835
   1.53758   0.91587
   1.53796   0.91217
   1.53835   0.91093
   1.53835   0.91216
   1.53835   0.91340
   1.53873   0.90722
   1.53873   0.90846
   1.53873   0.90969
   1.53911   0.90475
   1.53950   0.90351
   1.53988   0.90104
   1.54027   0.90103
   1.54066   0.89979
   1.54066   0.90103
   1.54104   0.89609
   1.54142   0.89608
   1.54143   0.89732
   1.54181   0.89361
   1.54219   0.89361
   1.54258   0.89237
   1.54297   0.89236
   1.54335   0.89113
   1.54374   0.88989
   1.54413   0.88988
   1.54451   0.88864
   1.54490   0.88864
   1.54490   0.88987
   1.54528   0.88617
   1.54567   0.88616
   1.54606   0.88616
   1.54606   0.88739
   1.54645   0.88739
   1.54683   0.88739
   1.54722   0.88738
   1.54722   0.88862
   1.54761   0.88861
   1.54800   0.88737
   1.54800   0.88984
   1.54839   0.88984
   1.54839   0.89107
   1.54878   0.89107
   1.54917   0.89106
   1.54955   0.89106
   1.54955   0.89229
   1.54994   0.89229
   1.55033   0.89229
   1.55072   0.89228
   1.55110   0.89228
   1.55111   0.89351
   1.55149   0.89351
   1.55188   0.89350
   1.55188   0.89474
   1.55227   0.89473
   1.55227   0.89597
   1.55266   0.89596
   1.55266   0.89720
   1.55305   0.89719
   1.55305   0.89843
   1.55344   0.89842
   1.55344   0.89966
   1.55383   0.89966
   1.55383   0.90212
   1.55422   0.90212
   1.55422   0.90335
   1.55422   0.90459
   1.55461   0.90458
   1.55461   0.90582
   1.55500   0.90581
   1.55500   0.90705
   1.55538   0.90704
   1.55539   0.90951
   1.55578   0.90951
   1.55578   0.91074
   1.55616   0.91074
   1.55617   0.91197
   1.55617   0.91321
   1.55656   0.91320
   1.55656   0.91444
   1.55694   0.91443
   1.55695   0.91567
   1.55733   0.91566
   1.55734   0.91690
   1.55772   0.91690
   1.55772   0.91813
   1.55811   0.91813
   1.55811   0.91936
   1.55812   0.92059
   1.55850   0.92059
   1.55851   0.92306
   1.55889   0.92305
   1.55890   0.92552
   1.55890   0.92676
   1.55929   0.92675
   1.55929   0.92799
   1.55968   0.92798
   1.55968   0.92922
   1.56007   0.92921
   1.56007   0.93168
   1.56045   0.93168
   1.56046   0.93291
   1.56085   0.93291
   1.56085   0.93414
   1.56085   0.93538
   1.56123   0.93537
   1.56124   0.93661
   1.56162   0.93660
   1.56163   0.93784
   1.56201   0.93783
   1.56202   0.93907
   1.56240   0.93906
   1.56241   0.94153
   1.56279   0.94153
   1.56280   0.94276
   1.56280   0.94400
   1.56318   0.94399
   1.56357   0.94399
   1.56357   0.94522
   1.56358   0.94646
   1.56396   0.94645
   1.56435   0.94645
   1.56435   0.94768
   1.56474   0.94768
   1.56474   0.94892
   1.56513   0.94891
   1.56513   0.95015
   1.56552   0.95014
   1.56552   0.95261
   1.56591   0.95261
   1.56591   0.95507
   1.56630   0.95507
   1.56630   0.95631
   1.56630   0.95754
   1.56669   0.95754
   1.56669   0.95877
   1.56708   0.95877
   1.56747   0.95876
   1.56785   0.95876
   1.56786   0.95999
   1.56824   0.95999
   1.56824   0.96122
   1.56863   0.96122
   1.56902   0.96121
   1.56902   0.96245
   1.56941   0.96244
   1.56980   0.96244
   1.56980   0.96367
   1.57018   0.96367
   1.57019   0.96490
   1.57057   0.96490
   1.57057   0.96614
   1.57058   0.96737
   1.57096   0.96737
   1.57135   0.96736
   1.57135   0.96860
   1.57174   0.96859
   1.57213   0.96859
   1.57213   0.96982
   1.57252   0.96982
   1.57252   0.97105
   1.57291   0.97105
   1.57329   0.97104
   1.57330   0.97228
   1.57368   0.97227
   1.57407   0.97227
   1.57446   0.97227
   1.57484   0.97226
   1.57523   0.97226
   1.57562   0.97225
   1.57601   0.97225
   1.57639   0.97101
   1.57678   0.97101
   1.57717   0.97100
   1.57755   0.97100
   1.57756   0.97223
   1.57794   0.97223
   1.57833   0.97222
   1.57833   0.97346
   1.57872   0.97346
   1.57911   0.97345
   1.57949   0.97345
   1.57988   0.97344
   1.57988   0.97468
   1.58027   0.97467
   1.58066   0.97467
   1.58105   0.97466
   1.58143   0.97466
   1.58182   0.97342
   1.58221   0.97342
   1.58259   0.97341
   1.58298   0.97341
   1.58337   0.97341
   1.58376   0.97217
   1.58414   0.97216
   1.58414   0.97340
   1.58453   0.97339
   1.58453   0.97463
   1.58492   0.97462
   1.58531   0.97462
   1.58570   0.97462
   1.58608   0.97461
   1.58647   0.97461
   1.58647   0.97584
   1.58686   0.97584
   1.58725   0.97583
   1.58763   0.97460
   1.58802   0.97459
   1.58841   0.97335
   1.58879   0.97335
   1.58918   0.97334
   1.58957   0.97334
   1.58957   0.97457
   1.58996   0.97457
   1.58996   0.97580
   1.59035   0.97580
   1.59073   0.97580
   1.59073   0.97703
   1.59112   0.97703
   1.59151   0.97702
   1.59190   0.97702
   1.59228   0.97701
   1.59267   0.97701
   1.59306   0.97701
   1.59345   0.97700
   1.59345   0.97824
   1.59383   0.97823
   1.59384   0.97947
   1.59422   0.97946
   1.59461   0.97946
   1.59500   0.97945
   1.59539   0.97945
   1.59577   0.97945
   1.59616   0.97944
   1.59655   0.97944
   1.59694   0.97943
   1.59732   0.97943
   1.59732   0.98066
   1.59771   0.98066
   1.59810   0.98066
   1.59849   0.98065
   1.59849   0.98189
   1.59888   0.98188
   1.59926   0.98188
   1.59926   0.98311
   1.59927   0.98435
   1.59965   0.98434
   1.60004   0.98434
   1.60043   0.98434
   1.60082   0.98433
   1.60120   0.98433
   1.60159   0.98432
   1.60198   0.98432
   1.60237   0.98431
   1.60275   0.98431
   1.60314   0.98431
   1.60314   0.98554
   1.60353   0.98554
   1.60392   0.98553
   1.60431   0.98553
   1.60431   0.98676
   1.60431   0.98800
   1.60469   0.98799
   1.60470   0.98923
   1.60508   0.98922
   1.60547   0.98922
   1.60547   0.99045
   1.60586   0.99045
   1.60625   0.99045
   1.60664   0.99044
   1.60664   0.99168
   1.60703   0.99167
   1.60741   0.99043
   1.60780   0.99043
   1.60818   0.98919
   1.60857   0.98919
   1.60896   0.98918
   1.60935   0.98918
   1.60973   0.98917
   1.61012   0.98917
   1.61051   0.98917
   1.61090   0.98916
   1.61128   0.98916
   1.61167   0.98915
   1.61206   0.98915
   1.61244   0.98915
   1.61283   0.98914
   1.61322   0.98914
   1.61361   0.98913
   1.61399   0.98913
   1.61438   0.98912
   1.61477   0.98789
   1.61515   0.98788
   1.61554   0.98788
   1.61593   0.98787
   1.61632   0.98787
   1.61670   0.98663
   1.61709   0.98663
   1.61709   0.98786
   1.61748   0.98786
   1.61787   0.98785
   1.61825   0.98785
   1.61864   0.98785
   1.61903   0.98784
   1.61942   0.98784
   1.61980   0.98783
   1.62019   0.98783
   1.62058   0.98782
   1.62096   0.98659
   1.62135   0.98658
   1.62174   0.98658
   1.62212   0.98534
   1.62251   0.98534
   1.62290   0.98286
   1.62328   0.98286
   1.62367   0.98285
   1.62406   0.98162
   1.62444   0.98161
   1.62483   0.98161
   1.62522   0.98160
   1.62560   0.98160
   1.62599   0.98036
   1.62638   0.98036
   1.62677   0.98035
   1.62715   0.97788
   1.62753   0.97664
   1.62792   0.97664
   1.62831   0.97663
   1.62870   0.97540
   1.62908   0.97416
   1.62947   0.97415
   1.62986   0.97415
   1.63024   0.97414
   1.63063   0.97414
   1.63102   0.97290
   1.63140   0.97290
   1.63179   0.97289
   1.63217   0.97042
   1.63256   0.97042
   1.63295   0.97041
   1.63334   0.97041
   1.63372   0.96917
   1.63411   0.96917
   1.63450   0.96916
   1.63488   0.96916
   1.63527   0.96792
   1.63566   0.96668
   1.63604   0.96668
   1.63643   0.96544
   1.63682   0.96543
   1.63682   0.96667
   1.63721   0.96666
   1.63759   0.96543
   1.63798   0.96542
   1.63837   0.96542
   1.63875   0.96541
   1.63914   0.96541
   1.63953   0.96294
   1.63991   0.96293
   1.63991   0.96417
   1.64030   0.96046
   1.64068   0.96046
   1.64107   0.95922
   1.64146   0.95921
   1.64184   0.95674
   1.64223   0.95674
   1.64261   0.95673
   1.64300   0.95673
   1.64339   0.95549
   1.64378   0.95549
   1.64416   0.95548
   1.64455   0.95548
   1.64494   0.95547
   1.64532   0.95423
   1.64571   0.95300
   1.64610   0.95299
   1.64610   0.95423
   1.64648   0.95052
   1.64687   0.95052
   1.64725   0.94928
   1.64764   0.94927
   1.64803   0.94803
   1.64841   0.94803
   1.64880   0.94679
   1.64919   0.94679
   1.64957   0.94555
   1.64996   0.94554
   1.65035   0.94554
   1.65073   0.94430
   1.65112   0.94430
   1.65151   0.94306
   1.65189   0.94306
   1.65228   0.94305
   1.65267   0.94181
   1.65305   0.94181
   1.65344   0.94180
   1.65383   0.94057
   1.65421   0.94056
   1.65460   0.94056
   1.65499   0.94055
   1.65538   0.93932
   1.65576   0.93808
   1.65615   0.93807
   1.65653   0.93560
   1.65692   0.93560
   1.65731   0.93559
   1.65769   0.93435
   1.65808   0.93311
   1.65846   0.93188
   1.65885   0.93064
   1.65924   0.92940
   1.65962   0.92940
   1.66001   0.92692
   1.66039   0.92692
   1.66078   0.92568
   1.66117   0.92568
   1.66155   0.92567
   1.66194   0.92443
   1.66233   0.92443
   1.66271   0.92319
   1.66310   0.92319
   1.66349   0.92318
   1.66387   0.92194
   1.66426   0.92194
   1.66464   0.91947
   1.66503   0.91946
   1.66542   0.91946
   1.66580   0.91822
   1.66619   0.91698
   1.66658   0.91698
   1.66696   0.91574
   1.66735   0.91450
   1.66774   0.91450
   1.66812   0.91449
   1.66851   0.91449
   1.66890   0.91325
   1.66928   0.91325
   1.66967   0.91201
   1.67006   0.91200
   1.67044   0.91200
   1.67083   0.91200
   1.67122   0.91076
   1.67160   0.91075
   1.67199   0.90951
   1.67238   0.90951
   1.67277   0.90951
   1.67315   0.90950
   1.67354   0.90703
   1.67392   0.90703
   1.67431   0.90702
   1.67470   0.90702
   1.67509   0.90701
   1.67547   0.90701
   1.67586   0.90577
   1.67625   0.90577
   1.67663   0.90453
   1.67702   0.90329
   1.67740   0.90329
   1.67779   0.90328
   1.67818   0.90204
   1.67857   0.90204
   1.67895   0.90203
   1.67934   0.90203
   1.67973   0.90203
   1.68011   0.90202
   1.68012   0.90326
   1.68050   0.90325
   1.68089   0.90325
   1.68128   0.90324
   1.68167   0.90324
   1.68205   0.90200
   1.68244   0.90200
   1.68283   0.90199
   1.68321   0.90199
   1.68322   0.90322
   1.68360   0.90322
   1.68360   0.90445
   1.68399   0.90445
   1.68399   0.90568
   1.68438   0.90568
   1.68477   0.90568
   1.68516   0.90567
   1.68554   0.90567
   1.68593   0.90566
   1.68632   0.90566
   1.68632   0.90689
   1.68671   0.90689
   1.68710   0.90689
   1.68710   0.90812
   1.68748   0.90812
   1.68787   0.90811
   1.68787   0.90935
   1.68826   0.90934
   1.68865   0.90934
   1.68865   0.91057
   1.68904   0.91057
   1.68904   0.91180
   1.68943   0.91180
   1.68981   0.91179
   1.69020   0.91179
   1.69020   0.91302
   1.69059   0.91302
   1.69098   0.91302
   1.69137   0.91301
   1.69137   0.91425
   1.69175   0.91424
   1.69214   0.91424
   1.69214   0.91547
   1.69253   0.91547
   1.69253   0.91670
   1.69292   0.91670
   1.69292   0.91793
   1.69331   0.91793
   1.69370   0.91793
   1.69408   0.91792
   1.69409   0.91916
   1.69447   0.91915
   1.69447   0.92039
   1.69486   0.92038
   1.69486   0.92162
   1.69525   0.92161
   1.69564   0.92161
   1.69564   0.92284
   1.69564   0.92408
   1.69603   0.92407
   1.69603   0.92531
   1.69642   0.92530
   1.69642   0.92654
   1.69681   0.92653
   1.69719   0.92653
   1.69758   0.92653
   1.69797   0.92652
   1.69836   0.92652
   1.69836   0.92775
   1.69875   0.92775
   1.69875   0.92898
   1.69913   0.92898
   1.69914   0.93021
   1.69914   0.93145
   1.69952   0.93144
   1.69953   0.93268
   1.69991   0.93267
   1.69992   0.93391
   1.70030   0.93390
   1.70030   0.93514
   1.70069   0.93513
   1.70069   0.93637
   1.70108   0.93636
   1.70108   0.93760
   1.70147   0.93759
   1.70147   0.93883
   1.70186   0.93882
   1.70186   0.94129
   1.70225   0.94129
   1.70225   0.94252
   1.70225   0.94376
   1.70264   0.94375
   1.70264   0.94499
   1.70303   0.94498
   1.70342   0.94498
   1.70342   0.94621
   1.70381   0.94621
   1.70420   0.94621
   1.70458   0.94620
   1.70458   0.94744
   1.70497   0.94743
   1.70536   0.94743
   1.70536   0.94866
   1.70575   0.94866
   1.70614   0.94865
   1.70614   0.94989
   1.70652   0.94988
   1.70691   0.94988
   1.70730   0.94988
   1.70730   0.95111
   1.70769   0.95111
   1.70808   0.95110
   1.70808   0.95234
   1.70808   0.95357
   1.70847   0.95357
   1.70847   0.95480
   1.70886   0.95480
   1.70886   0.95603
   1.70924   0.95603
   1.70963   0.95602
   1.71002   0.95602
   1.71002   0.95725
   1.71041   0.95725
   1.71080   0.95724
   1.71118   0.95724
   1.71157   0.95724
   1.71196   0.95723
   1.71196   0.95847
   1.71235   0.95846
   1.71273   0.95846
   1.71274   0.95969
   1.71312   0.95969
   1.71351   0.95969
   1.71390   0.95968
   1.71429   0.95968
   1.71467   0.95967
   1.71506   0.95967
   1.71545   0.95966
   1.71545   0.96090
   1.71584   0.96089
   1.71622   0.96089
   1.71661   0.96089
   1.71700   0.96088
   1.71739   0.96088
   1.71777   0.96087
   1.71816   0.96087
   1.71855   0.96087
   1.71894   0.96086
   1.71932   0.95962
   1.71971   0.95962
   1.72010   0.95962
   1.72048   0.95961
   1.72087   0.95837
   1.72126   0.95837
   1.72164   0.95836
   1.72203   0.95713
   1.72241   0.95589
   1.72280   0.95588
   1.72319   0.95588
   1.72358   0.95588
   1.72396   0.95587
   1.72435   0.95587
   1.72474   0.95586
   1.72512   0.95462
   1.72551   0.95462
   1.72590   0.95462
   1.72628   0.95338
   1.72667   0.95214
   1.72706   0.95214
   1.72744   0.94966
   1.72783   0.94966
   1.72822   0.94965
   1.72860   0.94842
   1.72899   0.94718
   1.72938   0.94717
   1.72938   0.94841
   1.72976   0.94470
   1.73014   0.94346
   1.73053   0.94346
   1.73092   0.94345
   1.73131   0.94345
   1.73170   0.94345
   1.73208   0.94344
   1.73247   0.94220
   1.73285   0.94220
   1.73324   0.94219
   1.73363   0.94219
   1.73402   0.94219
   1.73440   0.94095
   1.73479   0.94094
   1.73518   0.94094
   1.73556   0.93970
   1.73595   0.93970
   1.73634   0.93969
   1.73673   0.93969
   1.73711   0.93968
   1.73750   0.93968
   1.73789   0.93968
   1.73827   0.93844
   1.73866   0.93843
   1.73905   0.93843
   1.73943   0.93843
   1.73982   0.93842
   1.74021   0.93842
   1.74060   0.93841
   1.74099   0.93841
   1.74137   0.93594
   1.74176   0.93593
   1.74176   0.93717
   1.74214   0.93716
   1.74253   0.93716
   1.74253   0.93839
   1.74292   0.93839
   1.74331   0.93839
   1.74331   0.93962
   1.74370   0.93962
   1.74409   0.93961
   1.74447   0.93837
   1.74486   0.93837
   1.74525   0.93836
   1.74563   0.93836
   1.74602   0.93836
   1.74641   0.93835
   1.74680   0.93835
   1.74718   0.93834
   1.74718   0.93958
   1.74757   0.93957
   1.74796   0.93957
   1.74796   0.94080
   1.74835   0.94080
   1.74835   0.94204
   1.74874   0.94203
   1.74913   0.94203
   1.74913   0.94326
   1.74951   0.94326
   1.74952   0.94449
   1.74990   0.94449
   1.75029   0.94448
   1.75068   0.94324
   1.75106   0.94324
   1.75145   0.94324
   1.75145   0.94447
   1.75184   0.94447
   1.75223   0.94446
   1.75261   0.94446
   1.75300   0.94445
   1.75339   0.94445
   1.75378   0.94445
   1.75416   0.94444
   1.75455   0.94444
   1.75494   0.94443
   1.75494   0.94567
   1.75533   0.94566
   1.75533   0.94690
   1.75572   0.94689
   1.75610   0.94689
   1.75649   0.94689
   1.75688   0.94688
   1.75727   0.94688
   1.75765   0.94564
   1.75804   0.94564
   1.75843   0.94563
   1.75843   0.94687
   1.75882   0.94686
   1.75920   0.94686
   1.75959   0.94562
   1.75997   0.94438
   1.76036   0.94314
   1.76075   0.94190
   1.76113   0.94190
   1.76113   0.94313
   1.76152   0.93943
   1.76190   0.93819
   1.76229   0.93818
   1.76268   0.93695
   1.76306   0.93694
   1.76345   0.93570
   1.76383   0.93446
   1.76422   0.93323
   1.76460   0.92952
   1.76499   0.92705
   1.76499   0.92828
   1.76499   0.92952
   1.76537   0.92334
   1.76576   0.92210
   1.76576   0.92333
   1.76576   0.92457
   1.76614   0.91839
   1.76652   0.91715
   1.76690   0.91345
   1.76729   0.91097
   1.76767   0.90356
   1.76805   0.90109
   1.76805   0.90356
   1.76805   0.90479
   1.76843   0.89615
   1.76843   0.89862
   1.76844   0.89985
   1.76881   0.89244
   1.76920   0.89120
   1.76958   0.88750
   1.76996   0.88132
   1.77034   0.87761
   1.77072   0.87267
   1.77110   0.86403
   1.77110   0.86897
   1.77111   0.87143
   1.77111   0.87267
   1.77111   0.87390
   1.77147   0.85168
   1.77148   0.85785
   1.77148   0.86032
   1.77148   0.86155
   1.77148   0.86279
   1.77184   0.84180
   1.77222   0.83439
   1.77259   0.82575
   1.77297   0.81834
   1.77334   0.80722
   1.77371   0.79611
   1.77409   0.78376
   1.77446   0.77512
   1.77447   0.78005
   1.77447   0.78252
   1.77447   0.78376
   1.77447   0.78499
   1.77482   0.75660
   1.77519   0.74425
   1.77556   0.72820
   1.77592   0.71338
   1.77629   0.69610
   1.77630   0.70844
   1.77631   0.71461
   1.77632   0.71831
   1.77632   0.71955
   1.77632   0.72078
   1.77663   0.66647
   1.77701   0.66029
   1.77738   0.64424
   1.77739   0.65288
   1.77740   0.65782
   1.77740   0.66029
   1.77740   0.66152
   1.77773   0.61831
   1.77811   0.61461
   1.77812   0.61831
   1.77812   0.62078
   1.77812   0.62201
   1.77813   0.62942
   1.77846   0.58991
   1.77883   0.57510
   1.77919   0.55905
   1.77956   0.54546
   1.77957   0.55287
   1.77958   0.55657
   1.77958   0.55904
   1.77958   0.56028
   1.77994   0.53805
   1.77994   0.53929
   1.77994   0.54052
   1.78027   0.49732
   1.78064   0.48620
   1.78066   0.49608
   1.78066   0.50102
   1.78067   0.50348
   1.78067   0.50472
   1.78067   0.50595
   1.78100   0.46275
   1.78101   0.47262
   1.78102   0.47756
   1.78102   0.48003
   1.78102   0.48126
   1.78136   0.44669
   1.78174   0.43805
   1.78175   0.44422
   1.78175   0.44669
   1.78175   0.44792
   1.78175   0.44916
   1.78210   0.41706
   1.78247   0.40595
   1.78248   0.41335
   1.78248   0.41706
   1.78249   0.41829
   1.78249   0.41953
   1.78282   0.38126
   1.78320   0.37261
   1.78320   0.37755
   1.78321   0.38002
   1.78321   0.38125
   1.78358   0.36767
   1.78391   0.32817
   1.78429   0.32569
   1.78430   0.33310
   1.78431   0.33680
   1.78431   0.33804
   1.78431   0.33927
   1.78466   0.30964
   1.78467   0.31581
   1.78467   0.31828
   1.78467   0.31952
   1.78467   0.32075
   1.78503   0.29483
   1.78540   0.28865
   1.78541   0.29482
   1.78542   0.29729
   1.78542   0.29852
   1.78542   0.29976
   1.78579   0.28494
   1.78579   0.28618
   1.78613   0.25284
   1.78614   0.26025
   1.78614   0.26395
   1.78615   0.26642
   1.78615   0.26766
   1.78649   0.23432
   1.78687   0.23062
   1.78688   0.23556
   1.78688   0.23802
   1.78689   0.23926
   1.78724   0.21580
   1.78725   0.22197
   1.78725   0.22321
   1.78764   0.22320
   1.78799   0.19728
   1.78800   0.20221
   1.78800   0.20468
   1.78800   0.20592
   1.78800   0.20715
   1.78836   0.18863
   1.78874   0.18122
   1.78875   0.18493
   1.78875   0.18739
   1.78875   0.18863
   1.78911   0.16887
   1.78912   0.17505
   1.78912   0.17751
   1.78912   0.17875
   1.78913   0.17998
   1.78948   0.15653
   1.78986   0.15282
   1.78987   0.15529
   1.78987   0.15652
   1.79023   0.13924
   1.79024   0.14417
   1.79024   0.14664
   1.79025   0.14788
   1.79061   0.13183
   1.79061   0.13553
   1.79062   0.13676
   1.79062   0.13800
   1.79099   0.12565
   1.79099   0.12812
   1.79099   0.12935
   1.79137   0.11947
   1.79137   0.12071
   1.79175   0.11330
   1.79213   0.11083
   1.79251   0.10588
   1.79289   0.10094
   1.79290   0.10465
   1.79290   0.10711
   1.79290   0.10835
   1.79326   0.08859
   1.79365   0.08736
   1.79365   0.08859
   1.79403   0.08118
   1.79403   0.08241
   1.79403   0.08365
   1.79441   0.07624
   1.79479   0.07500
   1.79479   0.07623
   1.79517   0.07006
   1.79517   0.07129
   1.79518   0.07253
   1.79555   0.06512
   1.79594   0.06264
   1.79594   0.06511
   1.79594   0.06635
   1.79631   0.05647
   1.79632   0.05770
   1.79632   0.05894
   1.79670   0.05400
   1.79670   0.05523
   1.79708   0.05152
   1.79747   0.04782
   1.79785   0.04658
   1.79824   0.04534
   1.79862   0.04287
   1.79901   0.04163
   1.79939   0.03915
   1.79978   0.03792
   1.79978   0.03915
   1.79978   0.04038
   1.80016   0.03421
   1.80054   0.03174
   1.80093   0.02926
   1.80131   0.02802
   1.80131   0.02926
   1.80170   0.02555
   1.80208   0.02431
   1.80247   0.02307
   1.80285   0.02184
   1.80324   0.02060
   1.80363   0.02059
   1.80401   0.01812
   1.80440   0.01812
   1.80478   0.01811
   1.80517   0.01564
   1.80556   0.01564
   1.80594   0.01440
   1.80633   0.01439
   1.80671   0.01315
   1.80710   0.01192
   1.80749   0.01191
   1.80788   0.01191
   1.80826   0.01067
   1.80865   0.01067
   1.80903   0.00943
   1.80942   0.00942
   1.80981   0.00818
   1.81019   0.00818
   1.81058   0.00818
   1.81097   0.00694
   1.81135   0.00693
   1.81174   0.00570
   1.81213   0.00569
   1.81251   0.00445
   1.81290   0.00445
   1.81329   0.00444
   1.81368   0.00444
   1.81406   0.00320
   1.81445   0.00320
   1.81484   0.00319
   1.81522   0.00319
   1.81561   0.00319
   1.81600   0.00318
   1.81639   0.00318
   1.81677   0.00317
   1.81716   0.00317
   1.81755   0.00193
   1.81793   0.00193
   1.81832   0.00192
   1.81871   0.00068
   1.81909   0.00068
   1.81948   0.00068
   1.81987   0.00067
   1.82026   0.00067
   1.82064   0.00066
   1.82103   0.00066
   1.82142   0.00066
   1.82181   0.00065
   1.82219   0.00000
   1.82258   0.00000
   1.82297   0.00000
   1.82335   0.00000
   1.82374   0.00000
   1.82413   0.00000
   1.82451   0.00000
   1.82490   0.00000
   1.82529   0.00000
   1.82568   0.00000
   1.82606   0.00000
   1.82645   0.00000
   1.82684   0.00000
   1.82723   0.00000
   1.82761   0.00000
   1.82800   0.00000
   1.82839   0.00000
   1.82878   0.00000
   1.82916   0.00000
   1.82955   0.00000
   1.82994   0.00000
   1.83033   0.00000
   1.83071   0.00000
   1.83110   0.00000
   1.83149   0.00000
   1.83187   0.00000
   1.83226   0.00000
   1.83265   0.00000
   1.83304   0.00000
   1.83343   0.00000
   1.83381   0.00000
   1.83420   0.00000
   1.83459   0.00000
   1.83497   0.00000
   1.83536   0.00000
   1.83575   0.00000
   1.83614   0.00000
   1.83652   0.00000
   1.83691   0.00000
   1.83730   0.00000
   1.83769   0.00000
   1.83807   0.00000
   1.83846   0.00000
   1.83885   0.00000
   1.83923   0.00000
   1.83962   0.00000
   1.84001   0.00000
   1.84040   0.00000
   1.84079   0.00000
   1.84117   0.00000
   1.84156   0.00000
   1.84195   0.00000
   1.84233   0.00000
   1.84272   0.00000
   1.84311   0.00000
   1.84350   0.00000
   1.84388   0.00000
   1.84427   0.00000
   1.84466   0.00000
   1.84505   0.00000
   1.84543   0.00000
   1.84582   0.00000
   1.84621   0.00000
   1.84660   0.00000
   1.84698   0.00000
   1.84737   0.00000
   1.84776   0.00000
   1.84815   0.00000
   1.84853   0.00000
   1.84892   0.00000
   1.84931   0.00000
   1.84969   0.00000
   1.85008   0.00000
   1.85047   0.00000
   1.85086   0.00000
   1.85124   0.00000
   1.85163   0.00000
   1.85202   0.00000
   1.85241   0.00000
   1.85279   0.00000
   1.85318   0.00000
   1.85357   0.00000
   1.85396   0.00000
   1.85434   0.00000
   1.85473   0.00000
   1.85512   0.00000
   1.85550   0.00000
   1.85589   0.00000
   1.85628   0.00000
   1.85667   0.00000
   1.85705   0.00000
   1.85744   0.00000
   1.85783   0.00000
   1.85822   0.00000
   1.85860   0.00000
   1.85899   0.00000
   1.85938   0.00000
   1.85977   0.00000
   1.86015   0.00000
   1.86054   0.00000
   1.86093   0.00000
   1.86132   0.00000
   1.86170   0.00000
   1.86209   0.00000
   1.86248   0.00000
   1.86286   0.00000
   1.86325   0.00000
   1.86364   0.00000
   1.86403   0.00000
   1.86442   0.00000
   1.86480   0.00000
   1.86519   0.00000
   1.86558   0.00000
   1.86596   0.00000
   1.86635   0.00000
   1.86674   0.00000
   1.86713   0.00000
   1.86751   0.00000
   1.86790   0.00000
   1.86829   0.00000
   1.86868   0.00000
   1.86906   0.00000
   1.86945   0.00000
   1.86984   0.00000
   1.87022   0.00000
   1.87061   0.00000
   1.87100   0.00000
   1.87139   0.00000
   1.87178   0.00000
   1.87216   0.00000
   1.87255   0.00000
   1.87294   0.00000
   1.87332   0.00000
   1.87371   0.00000
   1.87410   0.00000
   1.87449   0.00000
   1.87487   0.00000
   1.87526   0.00000
   1.87565   0.00000
   1.87604   0.00000
   1.87642   0.00000
   1.87681   0.00000
   1.87681   0.00007
   1.87720   0.00006
   1.87759   0.00006
   1.87797   0.00000
   1.87836   0.00000
   1.87875   0.00000
   1.87914   0.00000
   1.87952   0.00000
   1.87991   0.00000
   1.88030   0.00000
   1.88030   0.00003
   1.88069   0.00003
   1.88107   0.00000
   1.88146   0.00000
   1.88185   0.00000
   1.88223   0.00000
   1.88262   0.00000
   1.88301   0.00000
   1.88340   0.00000
   1.88378   0.00000
   1.88417   0.00000
   1.88456   0.00000
   1.88495   0.00000
   1.88533   0.00000
   1.88572   0.00000
   1.88611   0.00000
   1.88649   0.00000
   1.88688   0.00000
   1.88727   0.00000
   1.88766   0.00000
   1.88804   0.00000
   1.88843   0.00000
   1.88882   0.00000
   1.88921   0.00000
   1.88959   0.00000
   1.88998   0.00000
   1.89037   0.00000
   1.89076   0.00000
   1.89114   0.00000
   1.89153   0.00000
   1.89192   0.00000
   1.89231   0.00000
   1.89269   0.00000
   1.89308   0.00000
   1.89347   0.00000
   1.89385   0.00000
   1.89424   0.00000
   1.89424   0.00000
   1.89463   0.00000
   1.89502   0.00000
   1.89541   0.00000
   1.89579   0.00000
   1.89579   0.00000
   1.89618   0.00000
   1.89657   0.00000
   1.89696   0.00000
   1.89734   0.00000
   1.89773   0.00000
   1.89812   0.00000
   1.89851   0.00000
   1.89889   0.00000
   1.89928   0.00000
   1.89967   0.00000
   1.90005   0.00000
   1.90044   0.00000
   1.90044   0.00000
   1.90083   0.00000
   1.90122   0.00000
   1.90161   0.00000
   1.90199   0.00000
   1.90238   0.00000
   1.90277   0.00000
   1.90315   0.00000
   1.90354   0.00000
   1.90393   0.00000
   1.90431   0.00000
   1.90470   0.00000
   1.90509   0.00000
   1.90548   0.00000
   1.90548   0.00000
   1.90587   0.00000
   1.90625   0.00000
   1.90664   0.00000
   1.90703   0.00000
   1.90742   0.00000
   1.90780   0.00000
   1.90819   0.00000
   1.90858   0.00000
   1.90896   0.00000
   1.90935   0.00000
   1.90974   0.00000
   1.91013   0.00000
   1.91051   0.00000
   1.91090   0.00000
   1.91129   0.00000
   1.91168   0.00000
   1.91206   0.00000
   1.91245   0.00000
   1.91284   0.00000
   1.91323   0.00000
   1.91361   0.00000
   1.91400   0.00000
   1.91400   0.00000
