#ESO IR Filter Curve from van der Bliek, et al. (1996)
#1996A&AS..119..547V
#Digitized and normalized
# Ho
       1.4000000      0.00000
       1.4008000      0.00000
       1.4016000      0.00000
       1.4024000      0.00000
       1.4032000      0.00000
       1.4040000      0.00000
       1.4048000      0.00000
       1.4056000      0.00000
       1.4064000      0.00000
       1.4072000      0.00000
       1.4080000      0.00000
       1.4088000      0.00000
       1.4096000      0.00000
       1.4104000      0.00000
       1.4112000      0.00000
       1.4120000      0.00000
       1.4128000      0.00000
       1.4136000      0.00000
       1.4144000      0.00000
       1.4152000      0.00000
       1.4160000      0.00000
       1.4168000      0.00000
       1.4176000      0.00000
       1.4184000      0.00000
       1.4192000      0.00000
       1.4200000      0.00000
       1.4208000      0.00000
       1.4216000      0.00000
       1.4224000      0.00000
       1.4232000      0.00000
       1.4240000      0.00000
       1.4248000      0.00000
       1.4256000      0.00000
       1.4264000      0.00000
       1.4272000      0.00000
       1.4280000      0.00000
       1.4288000      0.00000
       1.4296000      0.00000
       1.4304000      0.00000
       1.4312000      0.00000
       1.4320000      0.00000
       1.4328000      0.00000
       1.4336000      0.00000
       1.4344000      0.00000
       1.4352000      0.00000
       1.4360000      0.00000
       1.4368000      0.00000
       1.4376000      0.00000
       1.4384000      0.00000
       1.4392000      0.00000
       1.4400000      0.00000
       1.4408000      0.00000
       1.4416000      0.00000
       1.4424000      0.00000
       1.4432000      0.00000
       1.4440000      0.00000
       1.4448000      0.00000
       1.4456000      0.00000
       1.4464000      0.00000
       1.4472000      0.00000
       1.4480000      0.00000
       1.4488000      0.00000
       1.4496000      0.00000
       1.4504000      0.00000
       1.4512000      0.00000
       1.4520000      0.00000
       1.4528000      0.00000
       1.4536000      0.00000
       1.4544000      0.00000
       1.4552000      0.00000
       1.4560000      0.00000
       1.4568000      0.00000
       1.4576000      0.00000
       1.4584000      0.00000
       1.4592000      0.00000
       1.4600000      0.00000
       1.4608000      0.00000
       1.4616000      0.00000
       1.4624000      0.00000
       1.4632000      0.00000
       1.4640000      0.00000
       1.4648000      0.00000
       1.4656000      0.00000
       1.4664000      0.00000
       1.4672000      0.00000
       1.4680000      0.00000
       1.4688000      0.00000
       1.4696000      0.00000
       1.4704000      0.00000
       1.4712000      0.00000
       1.4720000      0.00000
       1.4728000      0.00000
       1.4736000      0.00000
       1.4744000      0.00000
       1.4752000      0.00000
       1.4760000      0.00000
       1.4768000      0.00000
       1.4776000      0.00000
       1.4784000      0.00000
       1.4792000      0.00000
       1.4800000      0.00000
       1.4808000      0.00000
       1.4816000      0.00000
       1.4824000      0.00000
       1.4832000      0.00000
       1.4840000      0.00000
       1.4848000      0.00000
       1.4856000      0.00000
       1.4864000      0.00000
       1.4872000      0.00000
       1.4880000      0.00000
       1.4888000      0.00000
       1.4896000      0.00000
       1.4904000      0.00000
       1.4912000      0.00000
       1.4920000      0.00000
       1.4928000      0.00000
       1.4936000      0.00000
       1.4944000      0.00000
       1.4952000      0.00000
       1.4960000      0.00000
       1.4968000      0.00000
       1.4976000      0.00000
       1.4984000      0.00000
       1.4992000      0.00000
       1.5000000      0.00000
       1.5008000      0.00000
       1.5016000      0.00000
       1.5024000      0.00000
       1.5032000      0.00000
       1.5040000      0.00000
       1.5048000      0.00000
       1.5056000      0.00000
       1.5064000      0.00000
       1.5072000      0.00000
       1.5080000      0.00000
       1.5088000      0.00000
       1.5096000      0.00000
       1.5104000      0.00000
       1.5112000      0.00000
       1.5120000      0.00000
       1.5128000      0.00000
       1.5136000      0.00000
       1.5144000      0.00000
       1.5152000      0.00000
       1.5160000      0.00000
       1.5168000  0.000338379
       1.5176000  0.000848322
       1.5184000   0.00135826
       1.5192000   0.00217091
       1.5200000   0.00321060
       1.5208000   0.00462632
       1.5216000   0.00611941
       1.5224000   0.00798915
       1.5232000    0.0100080
       1.5240000    0.0123318
       1.5248000    0.0150592
       1.5256000    0.0178770
       1.5264000    0.0209017
       1.5272000    0.0242291
       1.5280000    0.0278569
       1.5288000    0.0317621
       1.5296000    0.0360558
       1.5304000    0.0408921
       1.5312000    0.0460311
       1.5320000    0.0517154
       1.5328000    0.0589661
       1.5336000    0.0667967
       1.5344000    0.0751792
       1.5352000    0.0841660
       1.5360000    0.0941320
       1.5368000     0.105107
       1.5376000     0.116910
       1.5384000     0.129836
       1.5392000     0.143450
       1.5400000     0.158248
       1.5408000     0.174842
       1.5416000     0.192735
       1.5424000     0.212388
       1.5432000     0.233273
       1.5440000     0.257502
       1.5448000     0.283848
       1.5456000     0.311449
       1.5464000     0.341341
       1.5472000     0.373949
       1.5480000     0.407815
       1.5488000     0.442888
       1.5496000     0.479255
       1.5504000     0.514578
       1.5512000     0.550255
       1.5520000     0.587429
       1.5528000     0.622755
       1.5536000     0.657249
       1.5544000     0.691342
       1.5552000     0.724929
       1.5560000     0.756753
       1.5568000     0.787851
       1.5576000     0.817767
       1.5584000     0.846391
       1.5592000     0.874800
       1.5600000     0.900918
       1.5608000     0.923325
       1.5616000     0.943557
       1.5624000     0.961222
       1.5632000     0.976423
       1.5640000     0.987900
       1.5648000     0.995635
       1.5656000     0.999818
       1.5664000      1.00000
       1.5672000     0.996081
       1.5680000     0.986810
       1.5688000     0.974641
       1.5696000     0.959353
       1.5704000     0.940340
       1.5712000     0.918613
       1.5720000     0.893110
       1.5728000     0.865044
       1.5736000     0.834938
       1.5744000     0.802543
       1.5752000     0.769169
       1.5760000     0.734612
       1.5768000     0.700401
       1.5776000     0.663680
       1.5784000     0.626683
       1.5792000     0.589762
       1.5800000     0.551430
       1.5808000     0.515742
       1.5816000     0.478921
       1.5824000     0.442527
       1.5832000     0.407063
       1.5840000     0.372733
       1.5848000     0.338777
       1.5856000     0.306030
       1.5864000     0.276272
       1.5872000     0.247750
       1.5880000     0.221595
       1.5888000     0.198585
       1.5896000     0.175975
       1.5904000     0.156435
       1.5912000     0.138429
       1.5920000     0.122770
       1.5928000     0.108738
       1.5936000    0.0966695
       1.5944000    0.0861873
       1.5952000    0.0767157
       1.5960000    0.0692518
       1.5968000    0.0626156
       1.5976000    0.0566599
       1.5984000    0.0514339
       1.5992000    0.0471397
       1.6000000    0.0435236
       1.6008000    0.0406329
       1.6016000    0.0380739
       1.6024000    0.0357437
       1.6032000    0.0336364
       1.6040000    0.0321338
       1.6048000    0.0307809
       1.6056000    0.0295809
       1.6064000    0.0286821
       1.6072000    0.0274806
       1.6080000    0.0265818
       1.6088000    0.0259857
       1.6096000    0.0253873
       1.6104000    0.0247889
       1.6112000    0.0244181
       1.6120000    0.0238197
       1.6128000    0.0232213
       1.6136000    0.0226229
       1.6144000    0.0220229
       1.6152000    0.0214222
       1.6160000    0.0211241
       1.6168000    0.0208284
       1.6176000    0.0205327
       1.6184000    0.0202370
       1.6192000    0.0199412
       1.6200000    0.0196455
       1.6208000    0.0196524
       1.6216000    0.0196594
       1.6224000    0.0196670
       1.6232000    0.0196763
       1.6240000    0.0193830
       1.6248000    0.0190919
       1.6256000    0.0187962
       1.6264000    0.0185005
       1.6272000    0.0182047
       1.6280000    0.0179113
       1.6288000    0.0176156
       1.6296000    0.0173199
       1.6304000    0.0170242
       1.6312000    0.0167279
       1.6320000    0.0161295
       1.6328000    0.0158337
       1.6336000    0.0155380
       1.6344000    0.0152423
       1.6352000    0.0149466
       1.6360000    0.0144506
       1.6368000    0.0138522
       1.6376000    0.0132538
       1.6384000    0.0123550
       1.6392000    0.0114562
       1.6400000    0.0105574
       1.6408000   0.00996131
       1.6416000   0.00936522
       1.6424000   0.00876680
       1.6432000   0.00816837
       1.6440000   0.00747140
       1.6448000   0.00677285
       1.6456000   0.00617443
       1.6464000   0.00557834
       1.6472000   0.00528262
       1.6480000   0.00498690
       1.6488000   0.00469118
       1.6496000   0.00439546
       1.6504000   0.00409974
       1.6512000   0.00380402
       1.6520000   0.00320560
       1.6528000   0.00270572
       1.6536000   0.00240767
       1.6544000   0.00210962
       1.6552000   0.00180924
       1.6560000   0.00150887
       1.6568000   0.00120849
       1.6576000  0.000908111
       1.6584000  0.000605408
       1.6592000  0.000302704
       1.6600000  8.89114e-10
       1.6608000  8.89114e-10
       1.6616000  8.89114e-10
       1.6624000  8.89114e-10
       1.6632000  8.89114e-10
       1.6640000  8.89114e-10
       1.6648000  8.89114e-10
       1.6656000  8.89114e-10
       1.6664000  8.89114e-10
       1.6672000  8.89114e-10
       1.6680000  8.89114e-10
       1.6688000  8.89114e-10
       1.6696000  8.89114e-10
       1.6704000  8.89114e-10
       1.6712000  8.89114e-10
       1.6720000  8.89114e-10
       1.6728000  8.89114e-10
       1.6736000  8.89114e-10
       1.6744000  8.89114e-10
       1.6752000  8.89114e-10
       1.6760000  8.89114e-10
       1.6768000  8.89114e-10
       1.6776000  8.89114e-10
       1.6784000  8.89114e-10
       1.6792000  8.89114e-10
       1.6800000  8.89114e-10
       1.6808000  8.89114e-10
       1.6816000  8.89114e-10
       1.6824000  8.89114e-10
       1.6832000  8.89114e-10
       1.6840000  8.89114e-10
       1.6848000  8.89114e-10
       1.6856000  8.89114e-10
       1.6864000  8.89114e-10
       1.6872000  8.89114e-10
       1.6880000  8.89114e-10
       1.6888000  8.89114e-10
       1.6896000  8.89114e-10
       1.6904000  8.89114e-10
       1.6912000  8.89114e-10
       1.6920000  8.89114e-10
       1.6928000  8.89114e-10
       1.6936000  8.89114e-10
       1.6944000  8.89114e-10
       1.6952000  8.89114e-10
       1.6960000  8.89114e-10
       1.6968000  8.89114e-10
       1.6976000  8.89114e-10
       1.6984000  8.89114e-10
       1.6992000  8.89114e-10
       1.7000000  8.89114e-10
       1.7008000  8.89114e-10
       1.7016000  8.89114e-10
       1.7024000  8.89114e-10
       1.7032000  8.89114e-10
       1.7040000  8.89114e-10
       1.7048000  8.89114e-10
       1.7056000  8.89114e-10
       1.7064000  8.89114e-10
       1.7072000  8.89114e-10
       1.7080000  8.89114e-10
       1.7088000  8.89114e-10
       1.7096000  8.89114e-10
       1.7104000  8.89114e-10
       1.7112000  8.89114e-10
       1.7120000  8.89114e-10
       1.7128000  8.89114e-10
       1.7136000  8.89114e-10
       1.7144000  8.89114e-10
       1.7152000  8.89114e-10
       1.7160000  8.89114e-10
       1.7168000  8.89114e-10
       1.7176000  8.89114e-10
       1.7184000  8.89114e-10
       1.7192000  8.89114e-10
       1.7200000  8.89114e-10
       1.7208000  8.89114e-10
       1.7216000  8.89114e-10
       1.7224000  8.89114e-10
       1.7232000  8.89114e-10
       1.7240000  8.89114e-10
       1.7248000  8.89114e-10
       1.7256000  8.89114e-10
       1.7264000  8.89114e-10
       1.7272000  8.89114e-10
       1.7280000  8.89114e-10
       1.7288000  8.89114e-10
       1.7296000  8.89114e-10
       1.7304000  8.89114e-10
       1.7312000  8.89114e-10
       1.7320000  8.89114e-10
       1.7328000  8.89114e-10
       1.7336000  8.89114e-10
       1.7344000  8.89114e-10
       1.7352000  8.89114e-10
       1.7360000  8.89114e-10
       1.7368000  8.89114e-10
       1.7376000  8.89114e-10
       1.7384000  8.89114e-10
       1.7392000  8.89114e-10
       1.7400000  8.89114e-10
       1.7408000  8.89114e-10
       1.7416000  8.89114e-10
       1.7424000  8.89114e-10
       1.7432000  8.89114e-10
       1.7440000  8.89114e-10
       1.7448000  8.89114e-10
       1.7456000  8.89114e-10
       1.7464000  8.89114e-10
       1.7472000  8.89114e-10
       1.7480000  8.89114e-10
       1.7488000  8.89114e-10
       1.7496000  8.89114e-10
       1.7504000  8.89114e-10
       1.7512000  8.89114e-10
       1.7520000  8.89114e-10
       1.7528000  8.89114e-10
       1.7536000  8.89114e-10
       1.7544000  8.89114e-10
       1.7552000  8.89114e-10
       1.7560000  8.89114e-10
       1.7568000  8.89114e-10
       1.7576000  8.89114e-10
       1.7584000  8.89114e-10
       1.7592000  8.89114e-10
       1.7600000  8.89114e-10
       1.7608000  8.89114e-10
       1.7616000  8.89114e-10
       1.7624000  8.89114e-10
       1.7632000  8.89114e-10
       1.7640000  8.89114e-10
       1.7648000  8.89114e-10
       1.7656000  8.89114e-10
       1.7664000  8.89114e-10
       1.7672000  8.89114e-10
       1.7680000  8.89114e-10
       1.7688000  8.89114e-10
       1.7696000  8.89114e-10
       1.7704000  8.89114e-10
       1.7712000  8.89114e-10
       1.7720000  8.89114e-10
       1.7728000  8.89114e-10
       1.7736000  8.89114e-10
       1.7744000  8.89114e-10
       1.7752000  8.89114e-10
       1.7760000  8.89114e-10
       1.7768000  8.89114e-10
       1.7776000  8.89114e-10
       1.7784000  8.89114e-10
       1.7792000  8.89114e-10
       1.7800000  8.89114e-10
       1.7808000  8.89114e-10
       1.7816000  8.89114e-10
       1.7824000  8.89114e-10
       1.7832000  8.89114e-10
       1.7840000  8.89114e-10
       1.7848000  8.89114e-10
       1.7856000  8.89114e-10
       1.7864000  8.89114e-10
       1.7872000  8.89114e-10
       1.7880000  8.89114e-10
       1.7888000  8.89114e-10
       1.7896000  8.89114e-10
       1.7904000  8.89114e-10
       1.7912000  8.89114e-10
       1.7920000  8.89114e-10
       1.7928000  8.89114e-10
       1.7936000  8.89114e-10
       1.7944000  8.89114e-10
       1.7952000  8.89114e-10
       1.7960000  8.89114e-10
       1.7968000      0.00000
       1.7976000      0.00000
       1.7984000      0.00000
       1.7992000      0.00000
       1.8000000      0.00000
