#http://www2.keck.hawaii.edu/inst/nirc2/filters.html, 11 Feb 2013
#normalized, and points less than 0 set to 0.
   1.06247   0.00000
   1.06275   0.00000
   1.06303   0.00000
   1.06331   0.00000
   1.06358   0.00000
   1.06386   0.00000
   1.06414   0.00000
   1.06441   0.00000
   1.06469   0.00000
   1.06497   0.00000
   1.06525   0.00000
   1.06552   0.00000
   1.06580   0.00000
   1.06608   0.00000
   1.06635   0.00000
   1.06663   0.00000
   1.06691   0.00000
   1.06719   0.00000
   1.06746   0.00000
   1.06774   0.00000
   1.06802   0.00000
   1.06830   0.00000
   1.06857   0.00000
   1.06885   0.00000
   1.06913   0.00000
   1.06940   0.00000
   1.06968   0.00000
   1.06996   0.00000
   1.07024   0.00000
   1.07051   0.00000
   1.07079   0.00000
   1.07107   0.00000
   1.07134   0.00000
   1.07162   0.00000
   1.07190   0.00000
   1.07218   0.00000
   1.07245   0.00000
   1.07273   0.00000
   1.07301   0.00000
   1.07328   0.00000
   1.07356   0.00000
   1.07384   0.00000
   1.07412   0.00000
   1.07412   0.00113
   1.07439   0.00113
   1.07467   0.00113
   1.07495   0.00113
   1.07522   0.00000
   1.07550   0.00000
   1.07578   0.00000
   1.07606   0.00000
   1.07633   0.00000
   1.07661   0.00000
   1.07689   0.00000
   1.07717   0.00000
   1.07744   0.00000
   1.07772   0.00000
   1.07800   0.00000
   1.07827   0.00000
   1.07855   0.00000
   1.07883   0.00000
   1.07911   0.00000
   1.07938   0.00000
   1.07966   0.00000
   1.07994   0.00000
   1.08021   0.00000
   1.08049   0.00000
   1.08077   0.00000
   1.08105   0.00000
   1.08132   0.00000
   1.08160   0.00000
   1.08188   0.00000
   1.08215   0.00000
   1.08243   0.00000
   1.08271   0.00000
   1.08299   0.00000
   1.08326   0.00000
   1.08354   0.00000
   1.08382   0.00000
   1.08410   0.00000
   1.08437   0.00000
   1.08465   0.00000
   1.08493   0.00000
   1.08520   0.00000
   1.08548   0.00000
   1.08576   0.00000
   1.08604   0.00000
   1.08631   0.00000
   1.08659   0.00000
   1.08687   0.00000
   1.08714   0.00000
   1.08742   0.00000
   1.08770   0.00000
   1.08798   0.00000
   1.08825   0.00000
   1.08853   0.00000
   1.08881   0.00000
   1.08908   0.00000
   1.08936   0.00000
   1.08964   0.00000
   1.08992   0.00000
   1.09019   0.00000
   1.09047   0.00000
   1.09075   0.00000
   1.09103   0.00000
   1.09130   0.00000
   1.09158   0.00000
   1.09186   0.00000
   1.09186   0.00000
   1.09213   0.00000
   1.09241   0.00000
   1.09269   0.00000
   1.09297   0.00000
   1.09324   0.00000
   1.09352   0.00000
   1.09380   0.00000
   1.09407   0.00000
   1.09435   0.00000
   1.09463   0.00000
   1.09491   0.00000
   1.09518   0.00000
   1.09546   0.00000
   1.09574   0.00000
   1.09601   0.00000
   1.09629   0.00000
   1.09657   0.00000
   1.09685   0.00000
   1.09712   0.00000
   1.09740   0.00000
   1.09768   0.00000
   1.09768   0.00106
   1.09796   0.00106
   1.09823   0.00000
   1.09851   0.00000
   1.09879   0.00000
   1.09906   0.00000
   1.09934   0.00000
   1.09962   0.00000
   1.09990   0.00000
   1.10017   0.00000
   1.10045   0.00000
   1.10073   0.00000
   1.10073   0.00105
   1.10100   0.00105
   1.10128   0.00105
   1.10156   0.00105
   1.10184   0.00105
   1.10211   0.00105
   1.10239   0.00105
   1.10267   0.00105
   1.10295   0.00104
   1.10322   0.00104
   1.10350   0.00000
   1.10378   0.00000
   1.10405   0.00000
   1.10433   0.00000
   1.10461   0.00000
   1.10489   0.00000
   1.10516   0.00000
   1.10544   0.00000
   1.10572   0.00000
   1.10599   0.00000
   1.10627   0.00000
   1.10655   0.00000
   1.10683   0.00000
   1.10710   0.00000
   1.10738   0.00000
   1.10766   0.00000
   1.10793   0.00000
   1.10821   0.00000
   1.10849   0.00000
   1.10877   0.00000
   1.10904   0.00000
   1.10932   0.00000
   1.10960   0.00000
   1.10987   0.00000
   1.11015   0.00000
   1.11043   0.00000
   1.11071   0.00000
   1.11098   0.00000
   1.11126   0.00000
   1.11154   0.00000
   1.11182   0.00000
   1.11209   0.00000
   1.11237   0.00000
   1.11265   0.00000
   1.11292   0.00000
   1.11320   0.00000
   1.11348   0.00000
   1.11376   0.00000
   1.11403   0.00000
   1.11431   0.00000
   1.11459   0.00000
   1.11486   0.00000
   1.11514   0.00000
   1.11542   0.00000
   1.11570   0.00000
   1.11597   0.00000
   1.11625   0.00000
   1.11653   0.00000
   1.11680   0.00000
   1.11708   0.00000
   1.11736   0.00000
   1.11764   0.00000
   1.11791   0.00000
   1.11819   0.00000
   1.11847   0.00000
   1.11875   0.00000
   1.11902   0.00000
   1.11930   0.00000
   1.11958   0.00000
   1.11985   0.00000
   1.12013   0.00000
   1.12041   0.00000
   1.12069   0.00000
   1.12096   0.00000
   1.12124   0.00000
   1.12152   0.00000
   1.12180   0.00000
   1.12207   0.00000
   1.12235   0.00000
   1.12263   0.00000
   1.12290   0.00000
   1.12318   0.00000
   1.12346   0.00000
   1.12373   0.00000
   1.12401   0.00000
   1.12429   0.00000
   1.12457   0.00000
   1.12484   0.00000
   1.12512   0.00000
   1.12540   0.00000
   1.12568   0.00000
   1.12595   0.00000
   1.12623   0.00000
   1.12651   0.00000
   1.12678   0.00000
   1.12706   0.00000
   1.12734   0.00000
   1.12734   0.00097
   1.12762   0.00097
   1.12789   0.00097
   1.12817   0.00097
   1.12845   0.00097
   1.12873   0.00000
   1.12900   0.00000
   1.12928   0.00000
   1.12956   0.00000
   1.12983   0.00000
   1.13011   0.00000
   1.13039   0.00000
   1.13066   0.00000
   1.13094   0.00000
   1.13122   0.00000
   1.13150   0.00000
   1.13177   0.00000
   1.13205   0.00000
   1.13233   0.00000
   1.13261   0.00000
   1.13288   0.00000
   1.13316   0.00000
   1.13344   0.00000
   1.13371   0.00000
   1.13399   0.00000
   1.13427   0.00000
   1.13455   0.00000
   1.13482   0.00000
   1.13510   0.00000
   1.13538   0.00000
   1.13566   0.00000
   1.13593   0.00000
   1.13621   0.00000
   1.13649   0.00000
   1.13676   0.00000
   1.13704   0.00000
   1.13732   0.00000
   1.13760   0.00000
   1.13787   0.00000
   1.13815   0.00000
   1.13843   0.00000
   1.13870   0.00000
   1.13898   0.00000
   1.13926   0.00000
   1.13954   0.00000
   1.13981   0.00000
   1.14009   0.00000
   1.14037   0.00000
   1.14064   0.00000
   1.14092   0.00000
   1.14120   0.00000
   1.14148   0.00000
   1.14175   0.00000
   1.14175   0.00093
   1.14203   0.00093
   1.14231   0.00093
   1.14259   0.00093
   1.14286   0.00092
   1.14314   0.00092
   1.14342   0.00092
   1.14369   0.00092
   1.14397   0.00092
   1.14397   0.00213
   1.14425   0.00212
   1.14453   0.00212
   1.14480   0.00212
   1.14508   0.00212
   1.14536   0.00212
   1.14564   0.00212
   1.14564   0.00332
   1.14591   0.00332
   1.14619   0.00332
   1.14619   0.00453
   1.14647   0.00453
   1.14647   0.00573
   1.14675   0.00573
   1.14702   0.00573
   1.14730   0.00573
   1.14730   0.00693
   1.14758   0.00693
   1.14758   0.00814
   1.14786   0.00813
   1.14813   0.00813
   1.14980   0.01174
   1.15007   0.01174
   1.15008   0.01294
   1.15035   0.01294
   1.15035   0.01415
   1.15063   0.01415
   1.15063   0.01535
   1.15063   0.01656
   1.15091   0.01655
   1.15091   0.01776
   1.15091   0.01896
   1.15119   0.01896
   1.15119   0.02017
   1.15147   0.02016
   1.15147   0.02137
   1.15174   0.02137
   1.15174   0.02257
   1.15202   0.02257
   1.15230   0.02257
   1.15230   0.02377
   1.15369   0.03100
   1.15425   0.03581
   1.15703   0.06350
   1.15703   0.06470
   1.15731   0.06711
   1.15731   0.06831
   1.15759   0.06831
   1.15759   0.06952
   1.15759   0.07072
   1.15787   0.07433
   1.15787   0.07554
   1.15787   0.07915
   1.15787   0.08035
   1.15815   0.08035
   1.15815   0.08276
   1.15815   0.08396
   1.15871   0.09119
   1.15872   0.10323
   1.15899   0.09962
   1.15899   0.10323
   1.15927   0.10323
   1.15927   0.10443
   1.15955   0.10443
   1.15955   0.10563
   1.15983   0.10563
   1.15983   0.10684
   1.16040   0.13453
   1.16040   0.13574
   1.16040   0.14055
   1.16152   0.17065
   1.16152   0.17186
   1.16152   0.17306
   1.16180   0.17667
   1.16209   0.19714
   1.16209   0.19955
   1.16209   0.20075
   1.16210   0.21280
   1.16237   0.21159
   1.16238   0.21400
   1.16265   0.21400
   1.16266   0.21761
   1.16266   0.22122
   1.16266   0.22243
   1.16266   0.22363
   1.16293   0.21400
   1.16293   0.21520
   1.16293   0.21641
   1.16294   0.23447
   1.16294   0.23567
   1.16323   0.24771
   1.16323   0.25132
   1.16323   0.25373
   1.16323   0.25494
   1.16352   0.27782
   1.16352   0.28143
   1.16352   0.28384
   1.16352   0.28504
   1.16381   0.29708
   1.16381   0.29949
   1.16381   0.30069
   1.16381   0.30190
   1.16409   0.30190
   1.16409   0.31514
   1.16410   0.32237
   1.16410   0.32478
   1.16437   0.32477
   1.16465   0.32477
   1.16465   0.32598
   1.16467   0.36210
   1.16467   0.36692
   1.16467   0.36933
   1.16467   0.37053
   1.16468   0.37173
   1.16495   0.36692
   1.16496   0.38257
   1.16496   0.38739
   1.16496   0.38859
   1.16524   0.38859
   1.16524   0.39943
   1.16525   0.40545
   1.16525   0.40786
   1.16525   0.40906
   1.16525   0.41027
   1.16526   0.43435
   1.16554   0.42712
   1.16554   0.43676
   1.16554   0.44157
   1.16554   0.44398
   1.16554   0.44518
   1.16555   0.45361
   1.16583   0.45361
   1.16583   0.46686
   1.16584   0.47288
   1.16584   0.47649
   1.16584   0.47770
   1.16584   0.47890
   1.16613   0.49817
   1.16613   0.50539
   1.16613   0.50659
   1.16613   0.50780
   1.16641   0.50780
   1.16641   0.51984
   1.16642   0.52586
   1.16642   0.52947
   1.16670   0.52947
   1.16670   0.54151
   1.16671   0.54633
   1.16698   0.54633
   1.16700   0.57523
   1.16700   0.58607
   1.16700   0.58727
   1.16728   0.58727
   1.16729   0.60292
   1.16729   0.60894
   1.16729   0.61015
   1.16757   0.61015
   1.16758   0.62339
   1.16758   0.63062
   1.16758   0.63182
   1.16758   0.63303
   1.16786   0.63302
   1.16787   0.65831
   1.16788   0.67035
   1.16788   0.67156
   1.16816   0.67156
   1.16816   0.68360
   1.16816   0.68721
   1.16816   0.68841
   1.16844   0.68841
   1.16845   0.70166
   1.16845   0.70768
   1.16845   0.70888
   1.16845   0.71009
   1.16873   0.71009
   1.16874   0.72333
   1.16874   0.72815
   1.16874   0.72935
   1.16902   0.72935
   1.16903   0.74501
   1.16903   0.74982
   1.16931   0.74982
   1.16931   0.75705
   1.16931   0.75825
   1.16931   0.75945
   1.16959   0.75945
   1.16960   0.77992
   1.16960   0.78956
   1.16988   0.78956
   1.16989   0.79919
   1.16989   0.80401
   1.17017   0.80401
   1.17017   0.81484
   1.17017   0.81725
   1.17045   0.81725
   1.17045   0.82568
   1.17046   0.82929
   1.17046   0.83050
   1.17073   0.83049
   1.17074   0.84013
   1.17074   0.84374
   1.17074   0.84494
   1.17102   0.84494
   1.17102   0.85458
   1.17102   0.85699
   1.17130   0.85698
   1.17131   0.86662
   1.17131   0.87143
   1.17131   0.87264
   1.17131   0.87384
   1.17159   0.87384
   1.17159   0.87745
   1.17159   0.87986
   1.17187   0.87986
   1.17187   0.88709
   1.17187   0.88829
   1.17215   0.88829
   1.17215   0.89431
   1.17215   0.89551
   1.17215   0.89672
   1.17243   0.89672
   1.17243   0.89913
   1.17243   0.90033
   1.17271   0.90033
   1.17271   0.90153
   1.17271   0.90274
   1.17299   0.90274
   1.17299   0.90514
   1.17299   0.90635
   1.17327   0.90635
   1.17327   0.90755
   1.17355   0.90755
   1.17355   0.90876
   1.17382   0.90875
   1.17410   0.90875
   1.17438   0.90875
   1.17465   0.90755
   1.17493   0.90634
   1.17521   0.90514
   1.17521   0.90634
   1.17548   0.90273
   1.17576   0.90032
   1.17604   0.89912
   1.17604   0.90032
   1.17631   0.89550
   1.17631   0.89671
   1.17659   0.89430
   1.17686   0.89189
   1.17714   0.89068
   1.17742   0.88827
   1.17769   0.88827
   1.17797   0.88466
   1.17825   0.88466
   1.17852   0.88345
   1.17880   0.88225
   1.17908   0.88104
   1.17935   0.87863
   1.17963   0.87863
   1.17991   0.87743
   1.18018   0.87743
   1.18046   0.87743
   1.18074   0.87743
   1.18101   0.87743
   1.18102   0.87863
   1.18129   0.87863
   1.18129   0.87983
   1.18157   0.87983
   1.18157   0.88104
   1.18185   0.88104
   1.18185   0.88224
   1.18213   0.88224
   1.18213   0.88344
   1.18240   0.88344
   1.18268   0.88344
   1.18268   0.88465
   1.18296   0.88464
   1.18296   0.88585
   1.18324   0.88585
   1.18324   0.88705
   1.18324   0.88826
   1.18351   0.88826
   1.18351   0.88946
   1.18352   0.89066
   1.18379   0.89066
   1.18379   0.89187
   1.18407   0.89187
   1.18407   0.89307
   1.18435   0.89307
   1.18435   0.89427
   1.18463   0.89427
   1.18463   0.89548
   1.18463   0.89668
   1.18491   0.89668
   1.18491   0.89788
   1.18518   0.89788
   1.18518   0.89909
   1.18518   0.90029
   1.18546   0.90029
   1.18546   0.90149
   1.18546   0.90270
   1.18574   0.90270
   1.18574   0.90390
   1.18574   0.90511
   1.18602   0.90511
   1.18602   0.90631
   1.18630   0.90631
   1.18630   0.90751
   1.18657   0.90751
   1.18658   0.90992
   1.18685   0.90992
   1.18685   0.91112
   1.18685   0.91233
   1.18713   0.91233
   1.18713   0.91474
   1.18713   0.91594
   1.18741   0.91594
   1.18741   0.91714
   1.18769   0.91714
   1.18769   0.91955
   1.18797   0.91955
   1.18797   0.92075
   1.18824   0.92075
   1.18824   0.92196
   1.18825   0.92316
   1.18852   0.92316
   1.18880   0.92316
   1.18880   0.92436
   1.18908   0.92436
   1.18908   0.92557
   1.18936   0.92557
   1.18936   0.92677
   1.18963   0.92677
   1.18963   0.92797
   1.18991   0.92797
   1.19019   0.92797
   1.19046   0.92797
   1.19074   0.92797
   1.19102   0.92797
   1.19102   0.92917
   1.19130   0.92917
   1.19158   0.92917
   1.19185   0.92917
   1.19185   0.93038
   1.19213   0.93037
   1.19241   0.93037
   1.19241   0.93158
   1.19269   0.93158
   1.19296   0.93158
   1.19296   0.93278
   1.19324   0.93278
   1.19352   0.93278
   1.19379   0.93278
   1.19407   0.93278
   1.19435   0.93278
   1.19463   0.93278
   1.19490   0.93277
   1.19518   0.93157
   1.19546   0.93157
   1.19573   0.93157
   1.19601   0.93157
   1.19629   0.93036
   1.19656   0.92916
   1.19684   0.92916
   1.19712   0.92916
   1.19739   0.92795
   1.19767   0.92795
   1.19795   0.92674
   1.19823   0.92674
   1.19850   0.92674
   1.19878   0.92554
   1.19906   0.92554
   1.19933   0.92554
   1.19961   0.92554
   1.19989   0.92433
   1.20017   0.92433
   1.20044   0.92433
   1.20072   0.92433
   1.20100   0.92433
   1.20127   0.92433
   1.20155   0.92433
   1.20183   0.92432
   1.20183   0.92553
   1.20211   0.92553
   1.20238   0.92553
   1.20266   0.92553
   1.20266   0.92673
   1.20294   0.92673
   1.20294   0.92793
   1.20322   0.92793
   1.20349   0.92793
   1.20349   0.92914
   1.20377   0.92914
   1.20405   0.92913
   1.20433   0.92913
   1.20460   0.92913
   1.20488   0.92913
   1.20516   0.92913
   1.20544   0.92913
   1.20571   0.92913
   1.20599   0.92913
   1.20627   0.92913
   1.20654   0.92913
   1.20682   0.92792
   1.20710   0.92792
   1.20737   0.92792
   1.20765   0.92792
   1.20793   0.92792
   1.20793   0.92912
   1.20821   0.92912
   1.20848   0.92912
   1.20876   0.92912
   1.20904   0.92912
   1.20931   0.92912
   1.20959   0.92912
   1.20987   0.92912
   1.21015   0.92912
   1.21042   0.92912
   1.21070   0.92911
   1.21098   0.92911
   1.21126   0.92911
   1.21153   0.92911
   1.21181   0.92911
   1.21209   0.92911
   1.21237   0.92911
   1.21264   0.92790
   1.21292   0.92790
   1.21320   0.92790
   1.21347   0.92670
   1.21375   0.92549
   1.21403   0.92549
   1.21430   0.92308
   1.21458   0.92308
   1.21485   0.92067
   1.21486   0.92188
   1.21513   0.91947
   1.21541   0.91826
   1.21569   0.91706
   1.21596   0.91465
   1.21624   0.91465
   1.21651   0.91224
   1.21679   0.91224
   1.21707   0.90983
   1.21734   0.90862
   1.21762   0.90862
   1.21762   0.90983
   1.21790   0.90501
   1.21817   0.90501
   1.21845   0.90140
   1.21873   0.90139
   1.21873   0.90260
   1.21900   0.89899
   1.21900   0.90019
   1.21928   0.89658
   1.21955   0.89417
   1.21983   0.89417
   1.21983   0.89537
   1.22011   0.89176
   1.22038   0.89176
   1.22066   0.88935
   1.22094   0.88935
   1.22121   0.88694
   1.22121   0.88814
   1.22149   0.88453
   1.22149   0.88573
   1.22177   0.88212
   1.22204   0.88212
   1.22232   0.87971
   1.22232   0.88091
   1.22259   0.87730
   1.22287   0.87730
   1.22315   0.87489
   1.22315   0.87609
   1.22342   0.87369
   1.22370   0.87128
   1.22398   0.86887
   1.22425   0.86646
   1.22425   0.86766
   1.22425   0.86887
   1.22453   0.86284
   1.22480   0.86284
   1.22508   0.86284
   1.22536   0.86164
   1.22564   0.86043
   1.22591   0.86043
   1.22619   0.86043
   1.22647   0.86043
   1.22674   0.85923
   1.22702   0.85922
   1.22730   0.85922
   1.22757   0.85802
   1.22785   0.85802
   1.22813   0.85802
   1.22840   0.85681
   1.22868   0.85561
   1.22896   0.85561
   1.22924   0.85320
   1.22951   0.85320
   1.22979   0.85320
   1.23007   0.85319
   1.23034   0.85319
   1.23062   0.85319
   1.23090   0.85319
   1.23117   0.85319
   1.23145   0.85319
   1.23145   0.85440
   1.23173   0.85439
   1.23201   0.85439
   1.23228   0.85439
   1.23229   0.85560
   1.23229   0.85680
   1.23256   0.85680
   1.23284   0.85680
   1.23284   0.85800
   1.23312   0.85800
   1.23339   0.85800
   1.23340   0.85921
   1.23367   0.85920
   1.23395   0.85920
   1.23395   0.86041
   1.23423   0.86041
   1.23451   0.86041
   1.23451   0.86161
   1.23478   0.86161
   1.23506   0.86161
   1.23534   0.86161
   1.23534   0.86281
   1.23562   0.86281
   1.23562   0.86522
   1.23589   0.86522
   1.23590   0.86763
   1.23590   0.86883
   1.23617   0.86883
   1.23617   0.87124
   1.23617   0.87244
   1.23645   0.87244
   1.23645   0.87365
   1.23673   0.87365
   1.23673   0.87485
   1.23701   0.87485
   1.23701   0.87605
   1.23701   0.87726
   1.23729   0.87726
   1.23729   0.87846
   1.23729   0.87966
   1.23756   0.87966
   1.23757   0.88087
   1.23784   0.88087
   1.23784   0.88207
   1.23812   0.88207
   1.23812   0.88327
   1.23812   0.88448
   1.23840   0.88448
   1.23840   0.88568
   1.23840   0.88689
   1.23868   0.88689
   1.23868   0.88809
   1.23896   0.88809
   1.23896   0.88929
   1.23923   0.88929
   1.23923   0.89050
   1.23951   0.89050
   1.23951   0.89170
   1.23951   0.89290
   1.23979   0.89290
   1.23979   0.89411
   1.23979   0.89531
   1.24007   0.89531
   1.24007   0.89651
   1.24035   0.89651
   1.24035   0.89892
   1.24035   0.90013
   1.24062   0.90012
   1.24063   0.90253
   1.24063   0.90374
   1.24090   0.90374
   1.24090   0.90494
   1.24090   0.90614
   1.24118   0.90614
   1.24118   0.90735
   1.24146   0.90735
   1.24146   0.90855
   1.24174   0.90855
   1.24174   0.91096
   1.24202   0.91096
   1.24202   0.91337
   1.24229   0.91337
   1.24230   0.91577
   1.24257   0.91577
   1.24257   0.91818
   1.24285   0.91818
   1.24285   0.91938
   1.24285   0.92059
   1.24313   0.92059
   1.24313   0.92179
   1.24313   0.92300
   1.24341   0.92300
   1.24341   0.92420
   1.24369   0.92420
   1.24369   0.92661
   1.24369   0.92781
   1.24397   0.92781
   1.24397   0.93022
   1.24397   0.93142
   1.24424   0.93142
   1.24424   0.93263
   1.24452   0.93262
   1.24452   0.93383
   1.24480   0.93383
   1.24480   0.93624
   1.24508   0.93624
   1.24508   0.93744
   1.24508   0.93864
   1.24536   0.93864
   1.24536   0.93985
   1.24536   0.94105
   1.24564   0.94105
   1.24564   0.94225
   1.24564   0.94346
   1.24591   0.94346
   1.24591   0.94466
   1.24619   0.94466
   1.24619   0.94587
   1.24619   0.94707
   1.24647   0.94707
   1.24647   0.94827
   1.24647   0.94948
   1.24675   0.94948
   1.24703   0.94948
   1.24703   0.95068
   1.24730   0.95068
   1.24730   0.95309
   1.24758   0.95309
   1.24758   0.95429
   1.24786   0.95429
   1.24786   0.95549
   1.24814   0.95549
   1.24814   0.95670
   1.24814   0.95790
   1.24841   0.95790
   1.24842   0.96031
   1.24869   0.96031
   1.24869   0.96151
   1.24897   0.96151
   1.24897   0.96272
   1.24925   0.96271
   1.24925   0.96392
   1.24953   0.96392
   1.24953   0.96512
   1.24953   0.96633
   1.24981   0.96633
   1.25008   0.96632
   1.25008   0.96753
   1.25008   0.96873
   1.25036   0.96873
   1.25036   0.96994
   1.25036   0.97114
   1.25064   0.97114
   1.25064   0.97234
   1.25092   0.97234
   1.25092   0.97355
   1.25120   0.97355
   1.25147   0.97354
   1.25147   0.97475
   1.25175   0.97475
   1.25203   0.97475
   1.25203   0.97595
   1.25231   0.97595
   1.25231   0.97715
   1.25258   0.97715
   1.25258   0.97836
   1.25286   0.97836
   1.25286   0.97956
   1.25314   0.97956
   1.25314   0.98076
   1.25314   0.98197
   1.25342   0.98197
   1.25342   0.98317
   1.25370   0.98317
   1.25397   0.98317
   1.25397   0.98437
   1.25425   0.98437
   1.25453   0.98437
   1.25480   0.98437
   1.25508   0.98437
   1.25508   0.98558
   1.25536   0.98557
   1.25564   0.98557
   1.25591   0.98557
   1.25592   0.98678
   1.25619   0.98678
   1.25619   0.98798
   1.25647   0.98798
   1.25675   0.98798
   1.25675   0.98918
   1.25703   0.98918
   1.25730   0.98918
   1.25730   0.99039
   1.25758   0.99038
   1.25786   0.99038
   1.25813   0.99038
   1.25813   0.99159
   1.25841   0.99159
   1.25869   0.99159
   1.25869   0.99279
   1.25897   0.99279
   1.25924   0.99279
   1.25925   0.99399
   1.25952   0.99399
   1.25980   0.99399
   1.26008   0.99399
   1.26035   0.99399
   1.26063   0.99399
   1.26091   0.99399
   1.26119   0.99399
   1.26119   0.99519
   1.26146   0.99519
   1.26174   0.99519
   1.26174   0.99639
   1.26202   0.99639
   1.26230   0.99639
   1.26230   0.99760
   1.26257   0.99759
   1.26285   0.99759
   1.26285   0.99880
   1.26313   0.99880
   1.26340   0.99880
   1.26341   1.00000
   1.26368   1.00000
   1.26396   0.99879
   1.26424   0.99879
   1.26451   0.99879
   1.26479   0.99879
   1.26507   0.99879
   1.26535   0.99879
   1.26562   0.99879
   1.26590   0.99879
   1.26618   0.99879
   1.26645   0.99758
   1.26673   0.99758
   1.26701   0.99758
   1.26701   0.99879
   1.26729   0.99878
   1.26756   0.99878
   1.26784   0.99878
   1.26812   0.99878
   1.26839   0.99878
   1.26867   0.99758
   1.26895   0.99758
   1.26923   0.99757
   1.26950   0.99637
   1.26978   0.99637
   1.27006   0.99637
   1.27033   0.99637
   1.27061   0.99516
   1.27089   0.99516
   1.27117   0.99516
   1.27144   0.99396
   1.27172   0.99395
   1.27199   0.99275
   1.27227   0.99275
   1.27255   0.99275
   1.27283   0.99275
   1.27310   0.99154
   1.27338   0.99034
   1.27366   0.99034
   1.27393   0.98793
   1.27421   0.98793
   1.27421   0.98913
   1.27449   0.98552
   1.27476   0.98552
   1.27504   0.98311
   1.27532   0.98311
   1.27559   0.98190
   1.27587   0.98190
   1.27615   0.98190
   1.27642   0.97949
   1.27670   0.97949
   1.27698   0.97828
   1.27726   0.97828
   1.27753   0.97828
   1.27781   0.97587
   1.27781   0.97708
   1.27808   0.97467
   1.27836   0.97226
   1.27864   0.96985
   1.27891   0.96985
   1.27919   0.96744
   1.27947   0.96744
   1.27974   0.96623
   1.28002   0.96623
   1.28030   0.96503
   1.28057   0.96503
   1.28085   0.96503
   1.28085   0.96623
   1.28113   0.96503
   1.28251   0.95900
   1.28279   0.95900
   1.28307   0.95900
   1.28334   0.95780
   1.28362   0.95779
   1.28390   0.95779
   1.28417   0.95659
   1.28445   0.95659
   1.28473   0.95538
   1.28500   0.95538
   1.28528   0.95538
   1.28556   0.95538
   1.28584   0.95538
   1.28611   0.95538
   1.28639   0.95538
   1.28639   0.95658
   1.28667   0.95658
   1.28695   0.95658
   1.28722   0.95658
   1.28750   0.95658
   1.28778   0.95658
   1.28805   0.95658
   1.28833   0.95658
   1.28861   0.95658
   1.28889   0.95657
   1.28916   0.95657
   1.28916   0.95778
   1.28944   0.95778
   1.28944   0.95898
   1.28972   0.95898
   1.28972   0.96139
   1.29000   0.96139
   1.29000   0.96259
   1.29027   0.96259
   1.29028   0.96379
   1.29055   0.96379
   1.29083   0.96379
   1.29083   0.96500
   1.29111   0.96500
   1.29139   0.96500
   1.29166   0.96499
   1.29166   0.96620
   1.29194   0.96620
   1.29222   0.96620
   1.29250   0.96620
   1.29277   0.96620
   1.29277   0.96740
   1.29305   0.96740
   1.29333   0.96740
   1.29333   0.96860
   1.29360   0.96860
   1.29388   0.96860
   1.29388   0.96980
   1.29416   0.96980
   1.29416   0.97101
   1.29444   0.97101
   1.29444   0.97342
   1.29472   0.97341
   1.29472   0.97462
   1.29499   0.97462
   1.29499   0.97582
   1.29527   0.97582
   1.29527   0.97703
   1.29555   0.97702
   1.29555   0.97823
   1.29583   0.97823
   1.29583   0.97943
   1.29611   0.97943
   1.29611   0.98064
   1.29638   0.98063
   1.29666   0.98063
   1.29666   0.98184
   1.29694   0.98184
   1.29721   0.98184
   1.29722   0.98304
   1.29749   0.98304
   1.29777   0.98304
   1.29805   0.98304
   1.29832   0.98304
   1.29860   0.98304
   1.29888   0.98304
   1.29916   0.98303
   1.29943   0.98303
   1.29971   0.98303
   1.29999   0.98303
   1.30026   0.98183
   1.30054   0.98183
   1.30082   0.98183
   1.30110   0.98062
   1.30137   0.97942
   1.30165   0.97821
   1.30193   0.97821
   1.30220   0.97700
   1.30248   0.97580
   1.30275   0.97459
   1.30276   0.97580
   1.30303   0.97098
   1.30331   0.97098
   1.30358   0.96978
   1.30386   0.96857
   1.30414   0.96737
   1.30441   0.96616
   1.30469   0.96496
   1.30497   0.96255
   1.30497   0.96375
   1.30497   0.96495
   1.30525   0.96495
   1.30552   0.95412
   1.30579   0.95291
   1.30607   0.95171
   1.30607   0.95291
   1.30634   0.94689
   1.30634   0.94809
   1.30635   0.94930
   1.30662   0.94328
   1.30690   0.94087
   1.30690   0.94207
   1.30690   0.94327
   1.30717   0.93364
   1.30745   0.93364
   1.30772   0.93003
   1.30800   0.92762
   1.30800   0.92882
   1.30800   0.93003
   1.30827   0.92280
   1.30855   0.92159
   1.30855   0.92280
   1.30855   0.92400
   1.30882   0.91557
   1.30910   0.91557
   1.30938   0.91076
   1.30938   0.91196
   1.30965   0.90594
   1.30993   0.90353
   1.30993   0.90473
   1.30993   0.90594
   1.31020   0.89751
   1.31020   0.89992
   1.31020   0.90112
   1.31047   0.89149
   1.31075   0.89028
   1.31075   0.89148
   1.31075   0.89269
   1.31103   0.88546
   1.31103   0.88667
   1.31103   0.88787
   1.31130   0.88305
   1.31130   0.88426
   1.31158   0.87944
   1.31158   0.88064
   1.31185   0.87703
   1.31185   0.87824
   1.31213   0.87462
   1.31213   0.87583
   1.31240   0.87101
   1.31240   0.87221
   1.31268   0.86740
   1.31296   0.86619
   1.31296   0.86740
   1.31323   0.86258
   1.31323   0.86378
   1.31323   0.86499
   1.31351   0.86017
   1.31378   0.85896
   1.31406   0.85776
   1.31434   0.85776
   1.31461   0.85294
   1.31461   0.85414
   1.31489   0.85053
   1.31517   0.84933
   1.31517   0.85053
   1.31544   0.84812
   1.31572   0.84692
   1.31599   0.84692
   1.31627   0.84571
   1.31655   0.84571
   1.31683   0.84450
   1.31710   0.84450
   1.31710   0.84571
   1.31738   0.84571
   1.31738   0.84691
   1.31766   0.84691
   1.31793   0.84691
   1.31821   0.84691
   1.31849   0.84691
   1.31849   0.84811
   1.31877   0.84811
   1.31904   0.84811
   1.31904   0.84931
   1.31905   0.85052
   1.31932   0.85052
   1.31932   0.85172
   1.31960   0.85172
   1.31960   0.85293
   1.31988   0.85292
   1.31988   0.85413
   1.32016   0.85413
   1.32016   0.85533
   1.32044   0.85533
   1.32044   0.85654
   1.32044   0.85774
   1.32071   0.85774
   1.32071   0.85894
   1.32099   0.85894
   1.32127   0.85894
   1.32155   0.85894
   1.32182   0.85894
   1.32210   0.85894
   1.32238   0.85773
   1.32265   0.85532
   1.32293   0.85171
   1.32293   0.85532
   1.32293   0.85653
   1.32293   0.85773
   1.32320   0.84569
   1.32348   0.84328
   1.32348   0.84448
   1.32348   0.84569
   1.32375   0.83485
   1.32403   0.83244
   1.32403   0.83485
   1.32403   0.83605
   1.32403   0.83726
   1.32430   0.82040
   1.32457   0.81799
   1.32457   0.82160
   1.32458   0.82281
   1.32458   0.82401
   1.32484   0.80354
   1.32484   0.80715
   1.32485   0.80836
   1.32485   0.80956
   1.32511   0.79270
   1.32539   0.78788
   1.32539   0.79029
   1.32539   0.79150
   1.32539   0.79270
   1.32566   0.77343
   1.32593   0.75778
   1.32620   0.74935
   1.32620   0.75537
   1.32621   0.75778
   1.32621   0.75898
   1.32621   0.76019
   1.32646   0.71804
   1.32647   0.72767
   1.32647   0.73249
   1.32647   0.73490
   1.32647   0.73610
   1.32673   0.70118
   1.32700   0.68914
   1.32701   0.69636
   1.32701   0.69998
   1.32701   0.70239
   1.32701   0.70359
   1.32726   0.66024
   1.32727   0.66867
   1.32727   0.67228
   1.32727   0.67469
   1.32727   0.67589
   1.32753   0.63736
   1.32780   0.63013
   1.32781   0.63375
   1.32781   0.63616
   1.32781   0.63736
   1.32807   0.61448
   1.32807   0.61568
   1.32833   0.57474
   1.32834   0.58678
   1.32834   0.59280
   1.32834   0.59521
   1.32834   0.59642
   1.32834   0.59762
   1.32860   0.56752
   1.32886   0.53260
   1.32886   0.53862
   1.32887   0.54223
   1.32887   0.54343
   1.32887   0.54464
   1.32913   0.52417
   1.32940   0.49527
   1.32940   0.50129
   1.32940   0.50369
   1.32940   0.50490
   1.32940   0.50610
   1.32966   0.47479
   1.32967   0.48082
   1.32967   0.48322
   1.32967   0.48443
   1.32967   0.48563
   1.32993   0.45191
   1.32993   0.46275
   1.32994   0.46757
   1.32994   0.46998
   1.32994   0.47118
   1.32994   0.47239
   1.33019   0.42542
   1.33020   0.43265
   1.33020   0.43626
   1.33020   0.43867
   1.33020   0.43987
   1.33046   0.40616
   1.33046   0.40977
   1.33046   0.41097
   1.33046   0.41218
   1.33072   0.38328
   1.33073   0.38809
   1.33073   0.39050
   1.33073   0.39171
   1.33073   0.39291
   1.33099   0.35438
   1.33099   0.35919
   1.33099   0.36160
   1.33099   0.36281
   1.33099   0.36401
   1.33126   0.34354
   1.33126   0.34474
   1.33152   0.32307
   1.33153   0.32427
   1.33153   0.32548
   1.33180   0.32547
   1.33207   0.29778
   1.33207   0.30019
   1.33207   0.30139
   1.33233   0.27972
   1.33261   0.27249
   1.33261   0.27369
   1.33261   0.27490
   1.33287   0.24359
   1.33287   0.24600
   1.33287   0.24720
   1.33287   0.24841
   1.33313   0.21469
   1.33341   0.21348
   1.33341   0.21469
   1.33369   0.21469
   1.33369   0.21589
   1.33396   0.21589
   1.33477   0.16050
   1.33504   0.15448
   1.33559   0.13882
   1.33640   0.10631
   1.33668   0.10631
   1.33668   0.10751
   1.33668   0.10871
   1.33695   0.09667
   1.33998   0.04970
   1.34080   0.04007
   1.34191   0.03284
   1.34274   0.02802
   1.34495   0.01838
   1.34634   0.01476
   1.34661   0.01356
   1.34689   0.01356
   1.34716   0.01235
   1.34772   0.01115
   1.34966   0.00753
   1.34994   0.00753
   1.35021   0.00753
   1.35049   0.00632
   1.35077   0.00632
   1.35104   0.00511
   1.35132   0.00511
   1.35160   0.00511
   1.35187   0.00391
   1.35215   0.00391
   1.35243   0.00391
   1.35271   0.00391
   1.35298   0.00390
   1.35326   0.00390
   1.35354   0.00270
   1.35381   0.00270
   1.35409   0.00270
   1.35437   0.00270
   1.35464   0.00270
   1.35492   0.00269
   1.35520   0.00269
   1.35548   0.00269
   1.35575   0.00149
   1.35603   0.00149
   1.35631   0.00149
   1.35658   0.00149
   1.35686   0.00148
   1.35714   0.00148
   1.35742   0.00148
   1.35769   0.00148
   1.35797   0.00148
   1.35825   0.00148
   1.35852   0.00028
   1.35880   0.00027
   1.35908   0.00027
   1.35936   0.00027
   1.35963   0.00027
   1.35991   0.00027
   1.36019   0.00027
   1.36046   0.00027
   1.36074   0.00027
   1.36102   0.00027
   1.36130   0.00027
   1.36157   0.00027
   1.36185   0.00027
   1.36213   0.00026
   1.36240   0.00026
   1.36268   0.00026
   1.36296   0.00026
   1.36324   0.00026
   1.36351   0.00026
   1.36379   0.00026
   1.36407   0.00026
   1.36434   0.00000
   1.36462   0.00000
   1.36490   0.00000
   1.36518   0.00000
   1.36545   0.00000
   1.36573   0.00000
   1.36601   0.00000
   1.36628   0.00000
   1.36656   0.00000
   1.36684   0.00000
   1.36712   0.00000
   1.36739   0.00000
   1.36767   0.00000
   1.36795   0.00000
   1.36822   0.00000
   1.36850   0.00000
   1.36878   0.00000
   1.36906   0.00000
   1.36933   0.00000
   1.36961   0.00000
   1.36989   0.00000
   1.37017   0.00000
   1.37044   0.00000
   1.37044   0.00024
   1.37072   0.00024
   1.37100   0.00024
   1.37127   0.00024
   1.37155   0.00024
   1.37183   0.00024
   1.37211   0.00000
   1.37238   0.00000
   1.37266   0.00000
   1.37294   0.00000
   1.37321   0.00000
   1.37322   0.00023
   1.37349   0.00023
   1.37377   0.00023
   1.37405   0.00023
   1.37432   0.00023
   1.37460   0.00023
   1.37488   0.00023
   1.37516   0.00023
   1.37543   0.00022
   1.37571   0.00022
   1.37599   0.00022
   1.37627   0.00022
   1.37654   0.00022
   1.37682   0.00022
   1.37710   0.00022
   1.37737   0.00000
   1.37737   0.00022
   1.37765   0.00022
   1.37793   0.00000
   1.37820   0.00000
   1.37848   0.00000
   1.37876   0.00000
   1.37904   0.00000
   1.37904   0.00021
   1.37931   0.00021
   1.37959   0.00021
   1.37987   0.00021
   1.38015   0.00021
   1.38042   0.00021
   1.38070   0.00021
   1.38098   0.00021
   1.38125   0.00021
   1.38153   0.00021
   1.38181   0.00021
   1.38209   0.00020
   1.38236   0.00020
   1.38264   0.00020
   1.38264   0.00141
   1.38292   0.00020
   1.38320   0.00020
   1.38347   0.00020
   1.38375   0.00020
   1.38403   0.00020
   1.38430   0.00020
   1.38458   0.00020
   1.38486   0.00020
   1.38514   0.00020
   1.38541   0.00019
   1.38569   0.00019
   1.38597   0.00000
   1.38624   0.00000
   1.38652   0.00000
   1.38652   0.00019
   1.38680   0.00019
   1.38708   0.00019
   1.38735   0.00019
   1.38763   0.00019
   1.38791   0.00019
   1.38818   0.00019
   1.38846   0.00019
   1.38874   0.00018
   1.38902   0.00018
   1.38929   0.00018
   1.38957   0.00018
   1.38985   0.00018
   1.39013   0.00018
   1.39040   0.00018
   1.39068   0.00018
   1.39096   0.00018
   1.39123   0.00018
   1.39151   0.00018
   1.39179   0.00018
   1.39207   0.00017
   1.39234   0.00017
   1.39262   0.00017
   1.39290   0.00000
   1.39317   0.00000
   1.39345   0.00000
   1.39373   0.00000
   1.39373   0.00017
   1.39401   0.00017
   1.39428   0.00017
   1.39456   0.00017
   1.39484   0.00000
   1.39484   0.00017
   1.39511   0.00017
   1.39539   0.00016
   1.39567   0.00016
   1.39594   0.00000
   1.39622   0.00000
   1.39650   0.00000
   1.39678   0.00000
   1.39705   0.00000
   1.39706   0.00016
   1.39733   0.00016
   1.39761   0.00016
   1.39789   0.00016
   1.39816   0.00016
   1.39844   0.00000
   1.39872   0.00000
   1.39900   0.00000
   1.39900   0.00015
   1.39927   0.00015
   1.39955   0.00015
   1.39983   0.00015
   1.40010   0.00015
   1.40038   0.00015
   1.40066   0.00015
   1.40094   0.00015
   1.40121   0.00015
   1.40149   0.00015
   1.40177   0.00015
   1.40204   0.00014
   1.40232   0.00014
   1.40260   0.00014
   1.40288   0.00014
   1.40315   0.00014
   1.40343   0.00014
   1.40371   0.00000
   1.40398   0.00000
   1.40426   0.00000
   1.40454   0.00000
   1.40482   0.00000
   1.40482   0.00014
   1.40509   0.00014
   1.40537   0.00013
   1.40565   0.00013
   1.40593   0.00013
   1.40620   0.00013
   1.40648   0.00013
   1.40676   0.00013
   1.40703   0.00013
   1.40731   0.00013
   1.40759   0.00000
   1.40787   0.00000
   1.40787   0.00013
   1.40814   0.00013
   1.40842   0.00013
   1.40870   0.00012
   1.40897   0.00000
   1.40925   0.00000
   1.40925   0.00012
   1.40953   0.00012
   1.40981   0.00012
   1.41008   0.00012
   1.41036   0.00012
   1.41064   0.00012
   1.41092   0.00012
   1.41119   0.00012
   1.41147   0.00012
   1.41175   0.00012
   1.41202   0.00011
   1.41230   0.00011
   1.41258   0.00011
   1.41286   0.00000
   1.41313   0.00000
   1.41341   0.00000
   1.41369   0.00000
   1.41396   0.00000
   1.41396   0.00011
   1.41424   0.00011
   1.41452   0.00011
   1.41480   0.00011
   1.41507   0.00011
   1.41535   0.00010
   1.41563   0.00010
   1.41590   0.00010
   1.41618   0.00010
   1.41646   0.00010
   1.41674   0.00010
   1.41701   0.00000
   1.41729   0.00000
   1.41729   0.00010
   1.41757   0.00010
   1.41785   0.00010
   1.41812   0.00000
   1.41840   0.00000
   1.41868   0.00000
   1.41895   0.00000
   1.41895   0.00009
   1.41923   0.00009
   1.41951   0.00009
   1.41979   0.00009
   1.42006   0.00009
   1.42034   0.00000
   1.42062   0.00000
   1.42089   0.00000
   1.42117   0.00000
   1.42117   0.00009
   1.42145   0.00009
   1.42173   0.00009
   1.42200   0.00008
   1.42228   0.00008
   1.42256   0.00008
   1.42283   0.00008
   1.42311   0.00008
   1.42339   0.00008
   1.42367   0.00008
   1.42394   0.00008
   1.42422   0.00008
   1.42450   0.00008
   1.42478   0.00008
   1.42505   0.00008
   1.42533   0.00007
   1.42561   0.00007
   1.42588   0.00007
   1.42616   0.00007
   1.42644   0.00007
   1.42672   0.00007
   1.42699   0.00007
   1.42727   0.00007
   1.42755   0.00007
   1.42782   0.00007
   1.42810   0.00007
   1.42838   0.00007
   1.42866   0.00006
   1.42893   0.00006
   1.42921   0.00006
   1.42949   0.00006
   1.42976   0.00006
   1.43004   0.00006
   1.43032   0.00006
   1.43060   0.00006
   1.43087   0.00000
   1.43115   0.00000
   1.43115   0.00006
   1.43143   0.00006
   1.43170   0.00006
   1.43198   0.00005
   1.43226   0.00000
   1.43226   0.00005
   1.43254   0.00005
   1.43281   0.00005
   1.43309   0.00005
   1.43337   0.00005
   1.43365   0.00005
   1.43392   0.00005
   1.43420   0.00000
   1.43420   0.00005
   1.43448   0.00005
   1.43475   0.00005
   1.43503   0.00005
   1.43531   0.00004
   1.43559   0.00004
   1.43586   0.00004
   1.43614   0.00004
   1.43642   0.00004
   1.43669   0.00004
   1.43697   0.00004
   1.43725   0.00004
   1.43753   0.00004
   1.43780   0.00004
   1.43808   0.00004
   1.43836   0.00004
   1.43863   0.00003
   1.43891   0.00003
   1.43919   0.00003
   1.43947   0.00003
   1.43974   0.00003
   1.44002   0.00003
   1.44030   0.00003
   1.44058   0.00003
   1.44085   0.00003
   1.44113   0.00003
   1.44141   0.00003
   1.44168   0.00003
   1.44196   0.00002
   1.44224   0.00002
   1.44252   0.00002
   1.44279   0.00002
   1.44279   0.00123
   1.44307   0.00123
   1.44335   0.00002
   1.44335   0.00122
   1.44362   0.00122
   1.44390   0.00002
   1.44418   0.00002
   1.44446   0.00002
   1.44473   0.00002
   1.44501   0.00002
   1.44501   0.00002
