#ESO IR Filter Curve from van der Bliek, et al. (1996)
#1996A&AS..119..547V
#Digitized and normalized
# K
       1.8000000      0.00000
       1.8008000      0.00000
       1.8016000      0.00000
       1.8024000      0.00000
       1.8032000      0.00000
       1.8040000      0.00000
       1.8048000      0.00000
       1.8056000      0.00000
       1.8064000      0.00000
       1.8072000      0.00000
       1.8080000      0.00000
       1.8088000      0.00000
       1.8096000      0.00000
       1.8104000      0.00000
       1.8112000      0.00000
       1.8120000      0.00000
       1.8128000      0.00000
       1.8136000      0.00000
       1.8144000      0.00000
       1.8152000      0.00000
       1.8160000      0.00000
       1.8168000      0.00000
       1.8176000      0.00000
       1.8184000      0.00000
       1.8192000      0.00000
       1.8200000      0.00000
       1.8208000      0.00000
       1.8216000      0.00000
       1.8224000      0.00000
       1.8232000      0.00000
       1.8240000      0.00000
       1.8248000      0.00000
       1.8256000      0.00000
       1.8264000      0.00000
       1.8272000      0.00000
       1.8280000      0.00000
       1.8288000      0.00000
       1.8296000      0.00000
       1.8304000      0.00000
       1.8312000      0.00000
       1.8320000      0.00000
       1.8328000      0.00000
       1.8336000      0.00000
       1.8344000      0.00000
       1.8352000      0.00000
       1.8360000      0.00000
       1.8368000      0.00000
       1.8376000      0.00000
       1.8384000      0.00000
       1.8392000      0.00000
       1.8400000      0.00000
       1.8408000      0.00000
       1.8416000      0.00000
       1.8424000      0.00000
       1.8432000      0.00000
       1.8440000      0.00000
       1.8448000      0.00000
       1.8456000      0.00000
       1.8464000      0.00000
       1.8472000      0.00000
       1.8480000      0.00000
       1.8488000      0.00000
       1.8496000      0.00000
       1.8504000      0.00000
       1.8512000      0.00000
       1.8520000      0.00000
       1.8528000      0.00000
       1.8536000      0.00000
       1.8544000      0.00000
       1.8552000      0.00000
       1.8560000      0.00000
       1.8568000      0.00000
       1.8576000      0.00000
       1.8584000      0.00000
       1.8592000      0.00000
       1.8600000      0.00000
       1.8608000      0.00000
       1.8616000      0.00000
       1.8624000      0.00000
       1.8632000      0.00000
       1.8640000      0.00000
       1.8648000      0.00000
       1.8656000      0.00000
       1.8664000      0.00000
       1.8672000      0.00000
       1.8680000      0.00000
       1.8688000      0.00000
       1.8696000      0.00000
       1.8704000      0.00000
       1.8712000      0.00000
       1.8720000      0.00000
       1.8728000      0.00000
       1.8736000      0.00000
       1.8744000      0.00000
       1.8752000      0.00000
       1.8760000      0.00000
       1.8768000      0.00000
       1.8776000      0.00000
       1.8784000      0.00000
       1.8792000      0.00000
       1.8800000      0.00000
       1.8808000      0.00000
       1.8816000      0.00000
       1.8824000      0.00000
       1.8832000      0.00000
       1.8840000      0.00000
       1.8848000      0.00000
       1.8856000      0.00000
       1.8864000      0.00000
       1.8872000      0.00000
       1.8880000      0.00000
       1.8888000      0.00000
       1.8896000      0.00000
       1.8904000      0.00000
       1.8912000      0.00000
       1.8920000      0.00000
       1.8928000      0.00000
       1.8936000      0.00000
       1.8944000      0.00000
       1.8952000      0.00000
       1.8960000      0.00000
       1.8968000      0.00000
       1.8976000      0.00000
       1.8984000      0.00000
       1.8992000      0.00000
       1.9000000      0.00000
       1.9008000      0.00000
       1.9016000      0.00000
       1.9024000      0.00000
       1.9032000      0.00000
       1.9040000      0.00000
       1.9048000      0.00000
       1.9056000      0.00000
       1.9064000      0.00000
       1.9072000      0.00000
       1.9080000      0.00000
       1.9088000      0.00000
       1.9096000      0.00000
       1.9104000      0.00000
       1.9112000      0.00000
       1.9120000      0.00000
       1.9128000      0.00000
       1.9136000      0.00000
       1.9144000      0.00000
       1.9152000      0.00000
       1.9160000      0.00000
       1.9168000      0.00000
       1.9176000      0.00000
       1.9184000      0.00000
       1.9192000      0.00000
       1.9200000      0.00000
       1.9208000      0.00000
       1.9216000      0.00000
       1.9224000      0.00000
       1.9232000      0.00000
       1.9240000      0.00000
       1.9248000      0.00000
       1.9256000      0.00000
       1.9264000      0.00000
       1.9272000      0.00000
       1.9280000      0.00000
       1.9288000      0.00000
       1.9296000      0.00000
       1.9304000      0.00000
       1.9312000      0.00000
       1.9320000      0.00000
       1.9328000      0.00000
       1.9336000      0.00000
       1.9344000      0.00000
       1.9352000      0.00000
       1.9360000  4.52675e-05
       1.9368000  0.000150892
       1.9376000  0.000338926
       1.9384000  0.000631430
       1.9392000  0.000976228
       1.9400000   0.00132112
       1.9408000   0.00166612
       1.9416000   0.00201122
       1.9424000   0.00235642
       1.9432000   0.00278288
       1.9440000   0.00330221
       1.9448000   0.00387254
       1.9456000   0.00448084
       1.9464000   0.00510233
       1.9472000   0.00571221
       1.9480000   0.00636222
       1.9488000   0.00710323
       1.9496000   0.00793522
       1.9504000   0.00876712
       1.9512000   0.00959892
       1.9520000    0.0104240
       1.9528000    0.0112557
       1.9536000    0.0123017
       1.9544000    0.0133488
       1.9552000    0.0143924
       1.9560000    0.0154279
       1.9568000    0.0164574
       1.9576000    0.0174953
       1.9584000    0.0189641
       1.9592000    0.0205267
       1.9600000    0.0221832
       1.9608000    0.0244869
       1.9616000    0.0267906
       1.9624000    0.0290808
       1.9632000    0.0313655
       1.9640000    0.0341866
       1.9648000    0.0373159
       1.9656000    0.0404664
       1.9664000    0.0437116
       1.9672000    0.0474639
       1.9680000    0.0512218
       1.9688000    0.0549851
       1.9696000    0.0599286
       1.9704000    0.0652651
       1.9712000    0.0705860
       1.9720000    0.0764048
       1.9728000    0.0827756
       1.9736000    0.0888530
       1.9744000    0.0972156
       1.9752000     0.105484
       1.9760000     0.113357
       1.9768000     0.121724
       1.9776000     0.129464
       1.9784000     0.136658
       1.9792000     0.146177
       1.9800000     0.155514
       1.9808000     0.164358
       1.9816000     0.174587
       1.9824000     0.185507
       1.9832000     0.195768
       1.9840000     0.208708
       1.9848000     0.220026
       1.9856000     0.233643
       1.9864000     0.249244
       1.9872000     0.264636
       1.9880000     0.277925
       1.9888000     0.292056
       1.9896000     0.309841
       1.9904000     0.325161
       1.9912000     0.341984
       1.9920000     0.358426
       1.9928000     0.373059
       1.9936000     0.389933
       1.9944000     0.404799
       1.9952000     0.419462
       1.9960000     0.436111
       1.9968000     0.451048
       1.9976000     0.466298
       1.9984000     0.478179
       1.9992000     0.490548
       2.0000000     0.501539
       2.0008000     0.511276
       2.0016000     0.521383
       2.0024000     0.530725
       2.0032000     0.539335
       2.0040000     0.546886
       2.0048000     0.551907
       2.0056000     0.558014
       2.0064000     0.562958
       2.0072000     0.568244
       2.0080000     0.573038
       2.0088000     0.576939
       2.0096000     0.580741
       2.0104000     0.583900
       2.0112000     0.586294
       2.0120000     0.588903
       2.0128000     0.591124
       2.0136000     0.592782
       2.0144000     0.594352
       2.0152000     0.595832
       2.0160000     0.596502
       2.0168000     0.596983
       2.0176000     0.597347
       2.0184000     0.597617
       2.0192000     0.597132
       2.0200000     0.596924
       2.0208000     0.596147
       2.0216000     0.595565
       2.0224000     0.594941
       2.0232000     0.594231
       2.0240000     0.593421
       2.0248000     0.592668
       2.0256000     0.592009
       2.0264000     0.591444
       2.0272000     0.590973
       2.0280000     0.590560
       2.0288000     0.590148
       2.0296000     0.589936
       2.0304000     0.589819
       2.0312000     0.589796
       2.0320000     0.589883
       2.0328000     0.590069
       2.0336000     0.590693
       2.0344000     0.591316
       2.0352000     0.593024
       2.0360000     0.594830
       2.0368000     0.597359
       2.0376000     0.599981
       2.0384000     0.603311
       2.0392000     0.606646
       2.0400000     0.609987
       2.0408000     0.614240
       2.0416000     0.618582
       2.0424000     0.623242
       2.0432000     0.628001
       2.0440000     0.631773
       2.0448000     0.635541
       2.0456000     0.639349
       2.0464000     0.643246
       2.0472000     0.646384
       2.0480000     0.649916
       2.0488000     0.653840
       2.0496000     0.657601
       2.0504000     0.661372
       2.0512000     0.665757
       2.0520000     0.670136
       2.0528000     0.674936
       2.0536000     0.679742
       2.0544000     0.684074
       2.0552000     0.688317
       2.0560000     0.693137
       2.0568000     0.697554
       2.0576000     0.701568
       2.0584000     0.705119
       2.0592000     0.708670
       2.0600000     0.711182
       2.0608000     0.713689
       2.0616000     0.716356
       2.0624000     0.718923
       2.0632000     0.721438
       2.0640000     0.723952
       2.0648000     0.726035
       2.0656000     0.728123
       2.0664000     0.730215
       2.0672000     0.732091
       2.0680000     0.733962
       2.0688000     0.735565
       2.0696000     0.737078
       2.0704000     0.737958
       2.0712000     0.738927
       2.0720000     0.739728
       2.0728000     0.740439
       2.0736000     0.741061
       2.0744000     0.741679
       2.0752000     0.742292
       2.0760000     0.742834
       2.0768000     0.743281
       2.0776000     0.743752
       2.0784000     0.744317
       2.0792000     0.744932
       2.0800000     0.745550
       2.0808000     0.746183
       2.0816000     0.746811
       2.0824000     0.747435
       2.0832000     0.748056
       2.0840000     0.748687
       2.0848000     0.749388
       2.0856000     0.750178
       2.0864000     0.751002
       2.0872000     0.751825
       2.0880000     0.752861
       2.0888000     0.753902
       2.0896000     0.754960
       2.0904000     0.756106
       2.0912000     0.757343
       2.0920000     0.758797
       2.0928000     0.760245
       2.0936000     0.761904
       2.0944000     0.763564
       2.0952000     0.765223
       2.0960000     0.766883
       2.0968000     0.768753
       2.0976000     0.770617
       2.0984000     0.772900
       2.0992000     0.775192
       2.1000000     0.777495
       2.1008000     0.779794
       2.1016000     0.782090
       2.1024000     0.784386
       2.1032000     0.786686
       2.1040000     0.789402
       2.1048000     0.792124
       2.1056000     0.794639
       2.1064000     0.797154
       2.1072000     0.799247
       2.1080000     0.801535
       2.1088000     0.803817
       2.1096000     0.805822
       2.1104000     0.807736
       2.1112000     0.809348
       2.1120000     0.810865
       2.1128000     0.811909
       2.1136000     0.812948
       2.1144000     0.813759
       2.1152000     0.814477
       2.1160000     0.815101
       2.1168000     0.815429
       2.1176000     0.815664
       2.1184000     0.815946
       2.1192000     0.816321
       2.1200000     0.816744
       2.1208000     0.817166
       2.1216000     0.817577
       2.1224000     0.817988
       2.1232000     0.818410
       2.1240000     0.818927
       2.1248000     0.819539
       2.1256000     0.820163
       2.1264000     0.820787
       2.1272000     0.821399
       2.1280000     0.822011
       2.1288000     0.822634
       2.1296000     0.823258
       2.1304000     0.823858
       2.1312000     0.824365
       2.1320000     0.824777
       2.1328000     0.825189
       2.1336000     0.825600
       2.1344000     0.826022
       2.1352000     0.826445
       2.1360000     0.826855
       2.1368000     0.827266
       2.1376000     0.827712
       2.1384000     0.828253
       2.1392000     0.828676
       2.1400000     0.829198
       2.1408000     0.829819
       2.1416000     0.830359
       2.1424000     0.830805
       2.1432000     0.831227
       2.1440000     0.831650
       2.1448000     0.832025
       2.1456000     0.832307
       2.1464000     0.832507
       2.1472000     0.832706
       2.1480000     0.833118
       2.1488000     0.833525
       2.1496000     0.833927
       2.1504000     0.834916
       2.1512000     0.836393
       2.1520000     0.837941
       2.1528000     0.839688
       2.1536000     0.841806
       2.1544000     0.844017
       2.1552000     0.846534
       2.1560000     0.849145
       2.1568000     0.851851
       2.1576000     0.854430
       2.1584000     0.857119
       2.1592000     0.859329
       2.1600000     0.861145
       2.1608000     0.863185
       2.1616000     0.865120
       2.1624000     0.866779
       2.1632000     0.868444
       2.1640000     0.870102
       2.1648000     0.871665
       2.1656000     0.873132
       2.1664000     0.874722
       2.1672000     0.876198
       2.1680000     0.877587
       2.1688000     0.878881
       2.1696000     0.879927
       2.1704000     0.880973
       2.1712000     0.881995
       2.1720000     0.882917
       2.1728000     0.883529
       2.1736000     0.884047
       2.1744000     0.884471
       2.1752000     0.884880
       2.1760000     0.885298
       2.1768000     0.885721
       2.1776000     0.886144
       2.1784000     0.886519
       2.1792000     0.886801
       2.1800000     0.886601
       2.1808000     0.886496
       2.1816000     0.886484
       2.1824000     0.885989
       2.1832000     0.885401
       2.1840000     0.884644
       2.1848000     0.883694
       2.1856000     0.882614
       2.1864000     0.881445
       2.1872000     0.880185
       2.1880000     0.878832
       2.1888000     0.877796
       2.1896000     0.876562
       2.1904000     0.875128
       2.1912000     0.874086
       2.1920000     0.873049
       2.1928000     0.872017
       2.1936000     0.870989
       2.1944000     0.869963
       2.1952000     0.868933
       2.1960000     0.867898
       2.1968000     0.866958
       2.1976000     0.866111
       2.1984000     0.865298
       2.1992000     0.864497
       2.2000000     0.863740
       2.2008000     0.863072
       2.2016000     0.862492
       2.2024000     0.862003
       2.2032000     0.861604
       2.2040000     0.861299
       2.2048000     0.861087
       2.2056000     0.860876
       2.2064000     0.860665
       2.2072000     0.860711
       2.2080000     0.861148
       2.2088000     0.861397
       2.2096000     0.861745
       2.2104000     0.862401
       2.2112000     0.863146
       2.2120000     0.863981
       2.2128000     0.864910
       2.2136000     0.865933
       2.2144000     0.867473
       2.2152000     0.869107
       2.2160000     0.871072
       2.2168000     0.872832
       2.2176000     0.875337
       2.2184000     0.877842
       2.2192000     0.880137
       2.2200000     0.882436
       2.2208000     0.884740
       2.2216000     0.887039
       2.2224000     0.889334
       2.2232000     0.891204
       2.2240000     0.893074
       2.2248000     0.894524
       2.2256000     0.895979
       2.2264000     0.896988
       2.2272000     0.897897
       2.2280000     0.898709
       2.2288000     0.899426
       2.2296000     0.900050
       2.2304000     0.900584
       2.2312000     0.901029
       2.2320000     0.901381
       2.2328000     0.901640
       2.2336000     0.901801
       2.2344000     0.901863
       2.2352000     0.901863
       2.2360000     0.901863
       2.2368000     0.901863
       2.2376000     0.901769
       2.2384000     0.901582
       2.2392000     0.901370
       2.2400000     0.901159
       2.2408000     0.900903
       2.2416000     0.900558
       2.2424000     0.900145
       2.2432000     0.899733
       2.2440000     0.899109
       2.2448000     0.898386
       2.2456000     0.897563
       2.2464000     0.896539
       2.2472000     0.895515
       2.2480000     0.894420
       2.2488000     0.893231
       2.2496000     0.891993
       2.2504000     0.890751
       2.2512000     0.889493
       2.2520000     0.888236
       2.2528000     0.887190
       2.2536000     0.886042
       2.2544000     0.884993
       2.2552000     0.884181
       2.2560000     0.883370
       2.2568000     0.882594
       2.2576000     0.881911
       2.2584000     0.881124
       2.2592000     0.880530
       2.2600000     0.879906
       2.2608000     0.879470
       2.2616000     0.879222
       2.2624000     0.879222
       2.2632000     0.879222
       2.2640000     0.879746
       2.2648000     0.880470
       2.2656000     0.881305
       2.2664000     0.882139
       2.2672000     0.884008
       2.2680000     0.885778
       2.2688000     0.887659
       2.2696000     0.889439
       2.2704000     0.891131
       2.2712000     0.893079
       2.2720000     0.895117
       2.2728000     0.896781
       2.2736000     0.898433
       2.2744000     0.900550
       2.2752000     0.902760
       2.2760000     0.904442
       2.2768000     0.906218
       2.2776000     0.908087
       2.2784000     0.910799
       2.2792000     0.913516
       2.2800000     0.916022
       2.2808000     0.918527
       2.2816000     0.921661
       2.2824000     0.924787
       2.2832000     0.927705
       2.2840000     0.930628
       2.2848000     0.933555
       2.2856000     0.936478
       2.2864000     0.939395
       2.2872000     0.941478
       2.2880000     0.943548
       2.2888000     0.945836
       2.2896000     0.948134
       2.2904000     0.950018
       2.2912000     0.951906
       2.2920000     0.953551
       2.2928000     0.955097
       2.2936000     0.956333
       2.2944000     0.957480
       2.2952000     0.958537
       2.2960000     0.959501
       2.2968000     0.960371
       2.2976000     0.960933
       2.2984000     0.961395
       2.2992000     0.961763
       2.3000000     0.962041
       2.3008000     0.962053
       2.3016000     0.962159
       2.3024000     0.962358
       2.3032000     0.962075
       2.3040000     0.961697
       2.3048000     0.961285
       2.3056000     0.960873
       2.3064000     0.959801
       2.3072000     0.958636
       2.3080000     0.956752
       2.3088000     0.954769
       2.3096000     0.952887
       2.3104000     0.950816
       2.3112000     0.948557
       2.3120000     0.946688
       2.3128000     0.944818
       2.3136000     0.942937
       2.3144000     0.941056
       2.3152000     0.939623
       2.3160000     0.938283
       2.3168000     0.937450
       2.3176000     0.936623
       2.3184000     0.935802
       2.3192000     0.934980
       2.3200000     0.934159
       2.3208000     0.933595
       2.3216000     0.933126
       2.3224000     0.932445
       2.3232000     0.931574
       2.3240000     0.931363
       2.3248000     0.931152
       2.3256000     0.930941
       2.3264000     0.930823
       2.3272000     0.930800
       2.3280000     0.931206
       2.3288000     0.931904
       2.3296000     0.932447
       2.3304000     0.933283
       2.3312000     0.934809
       2.3320000     0.936525
       2.3328000     0.937792
       2.3336000     0.939571
       2.3344000     0.941450
       2.3352000     0.943836
       2.3360000     0.946316
       2.3368000     0.949039
       2.3376000     0.951758
       2.3384000     0.954473
       2.3392000     0.957211
       2.3400000     0.960373
       2.3408000     0.963624
       2.3416000     0.966964
       2.3424000     0.969886
       2.3432000     0.972804
       2.3440000     0.975520
       2.3448000     0.978236
       2.3456000     0.980676
       2.3464000     0.983011
       2.3472000     0.985434
       2.3480000     0.987640
       2.3488000     0.989065
       2.3496000     0.990402
       2.3504000     0.991850
       2.3512000     0.993204
       2.3520000     0.994464
       2.3528000     0.995814
       2.3536000     0.997598
       2.3544000     0.998367
       2.3552000     0.999047
       2.3560000     0.999319
       2.3568000     0.999884
       2.3576000     0.999530
       2.3584000     0.999635
       2.3592000      1.00000
       2.3600000     0.998270
       2.3608000     0.996446
       2.3616000     0.992673
       2.3624000     0.988278
       2.3632000     0.983045
       2.3640000     0.977722
       2.3648000     0.972201
       2.3656000     0.964948
       2.3664000     0.958447
       2.3672000     0.950779
       2.3680000     0.942555
       2.3688000     0.929255
       2.3696000     0.915959
       2.3704000     0.904127
       2.3712000     0.890848
       2.3720000     0.879026
       2.3728000     0.864286
       2.3736000     0.849969
       2.3744000     0.833986
       2.3752000     0.816956
       2.3760000     0.800538
       2.3768000     0.781009
       2.3776000     0.768548
       2.3784000     0.748587
       2.3792000     0.728627
       2.3800000     0.710118
       2.3808000     0.689119
       2.3816000     0.671039
       2.3824000     0.647980
       2.3832000     0.627834
       2.3840000     0.606642
       2.3848000     0.582756
       2.3856000     0.561982
       2.3864000     0.537891
       2.3872000     0.521294
       2.3880000     0.498670
       2.3888000     0.476041
       2.3896000     0.455902
       2.3904000     0.434311
       2.3912000     0.417694
       2.3920000     0.398162
       2.3928000     0.380727
       2.3936000     0.363698
       2.3944000     0.345215
       2.3952000     0.330065
       2.3960000     0.312627
       2.3968000     0.301216
       2.3976000     0.286682
       2.3984000     0.272152
       2.3992000     0.259073
       2.4000000     0.243280
       2.4008000     0.230400
       2.4016000     0.215446
       2.4024000     0.202780
       2.4032000     0.190733
       2.4040000     0.178682
       2.4048000     0.167882
       2.4056000     0.156873
       2.4064000     0.148982
       2.4072000     0.139849
       2.4080000     0.130712
       2.4088000     0.123043
       2.4096000     0.115374
       2.4104000     0.109565
       2.4112000     0.103755
       2.4120000    0.0987805
       2.4128000    0.0931823
       2.4136000    0.0886203
       2.4144000    0.0838501
       2.4152000    0.0790854
       2.4160000    0.0747227
       2.4168000    0.0703601
       2.4176000    0.0668325
       2.4184000    0.0633049
       2.4192000    0.0599885
       2.4200000    0.0564647
       2.4208000    0.0529455
       2.4216000    0.0498404
       2.4224000    0.0467352
       2.4232000    0.0440442
       2.4240000    0.0413577
       2.4248000    0.0395093
       2.4256000    0.0376554
       2.4264000    0.0357860
       2.4272000    0.0339257
       2.4280000    0.0320746
       2.4288000    0.0304343
       2.4296000    0.0287895
       2.4304000    0.0273543
       2.4312000    0.0259191
       2.4320000    0.0244940
       2.4328000    0.0231583
       2.4336000    0.0219132
       2.4344000    0.0206737
       2.4352000    0.0198622
       2.4360000    0.0190448
       2.4368000    0.0182228
       2.4376000    0.0174465
       2.4384000    0.0167641
       2.4392000    0.0161508
       2.4400000    0.0155319
       2.4408000    0.0149082
       2.4416000    0.0142845
       2.4424000    0.0136608
       2.4432000    0.0131310
       2.4440000    0.0126951
       2.4448000    0.0123497
       2.4456000    0.0120937
       2.4464000    0.0118479
       2.4472000    0.0115098
       2.4480000    0.0111158
       2.4488000    0.0108213
       2.4496000    0.0106139
       2.4504000    0.0104066
       2.4512000    0.0101995
       2.4520000   0.00999239
       2.4528000   0.00978542
       2.4536000   0.00954172
       2.4544000   0.00919995
       2.4552000   0.00881920
       2.4560000   0.00853082
       2.4568000   0.00832327
       2.4576000   0.00811572
       2.4584000   0.00790817
       2.4592000   0.00770061
       2.4600000   0.00749305
       2.4608000   0.00728550
       2.4616000   0.00707794
       2.4624000   0.00690722
       2.4632000   0.00683469
       2.4640000   0.00683583
       2.4648000   0.00683697
       2.4656000   0.00683810
       2.4664000   0.00675809
       2.4672000   0.00658530
       2.4680000   0.00637773
       2.4688000   0.00617016
       2.4696000   0.00571966
       2.4704000   0.00517784
       2.4712000   0.00455609
       2.4720000   0.00393424
       2.4728000   0.00331228
       2.4736000   0.00269021
       2.4744000   0.00206805
       2.4752000   0.00152692
       2.4760000   0.00107848
       2.4768000  0.000664719
       2.4776000  0.000250852
       2.4784000  7.98178e-05
       2.4792000  4.12819e-10
       2.4800000  4.12819e-10
       2.4808000  4.12819e-10
       2.4816000  4.12819e-10
       2.4824000  4.12819e-10
       2.4832000  4.12819e-10
       2.4840000  4.12819e-10
       2.4848000  4.12819e-10
       2.4856000  4.12819e-10
       2.4864000  4.12819e-10
       2.4872000  4.12819e-10
       2.4880000  4.12819e-10
       2.4888000  4.12819e-10
       2.4896000  4.12819e-10
       2.4904000  4.12819e-10
       2.4912000  4.12819e-10
       2.4920000  4.12819e-10
       2.4928000  4.12819e-10
       2.4936000  4.12819e-10
       2.4944000  4.12819e-10
       2.4952000  4.12819e-10
       2.4960000  4.12819e-10
       2.4968000  4.12819e-10
       2.4976000  4.12819e-10
       2.4984000  4.12819e-10
       2.4992000  4.12819e-10
       2.5000000  4.12819e-10
       2.5008000  4.12819e-10
       2.5016000  4.12819e-10
       2.5024000  4.12819e-10
       2.5032000  4.12819e-10
       2.5040000  4.12819e-10
       2.5048000  4.12819e-10
       2.5056000  4.12819e-10
       2.5064000  4.12819e-10
       2.5072000  4.12819e-10
       2.5080000  4.12819e-10
       2.5088000  4.12819e-10
       2.5096000  4.12819e-10
       2.5104000  4.12819e-10
       2.5112000  4.12819e-10
       2.5120000  4.12819e-10
       2.5128000  4.12819e-10
       2.5136000  4.12819e-10
       2.5144000  4.12819e-10
       2.5152000  4.12819e-10
       2.5160000  4.12819e-10
       2.5168000  4.12819e-10
       2.5176000  4.12819e-10
       2.5184000  4.12819e-10
       2.5192000  4.12819e-10
       2.5200000  4.12819e-10
       2.5208000  4.12819e-10
       2.5216000  4.12819e-10
       2.5224000  4.12819e-10
       2.5232000  4.12819e-10
       2.5240000  4.12819e-10
       2.5248000  4.12819e-10
       2.5256000  4.12819e-10
       2.5264000  4.12819e-10
       2.5272000  4.12819e-10
       2.5280000  4.12819e-10
       2.5288000  4.12819e-10
       2.5296000  4.12819e-10
       2.5304000  4.12819e-10
       2.5312000  4.12819e-10
       2.5320000  4.12819e-10
       2.5328000  4.12819e-10
       2.5336000  4.12819e-10
       2.5344000  4.12819e-10
       2.5352000  4.12819e-10
       2.5360000  4.12819e-10
       2.5368000  4.12819e-10
       2.5376000  4.12819e-10
       2.5384000  4.12819e-10
       2.5392000  4.12819e-10
       2.5400000  4.12819e-10
       2.5408000  4.12819e-10
       2.5416000  4.12819e-10
       2.5424000  4.12819e-10
       2.5432000  4.12819e-10
       2.5440000  4.12819e-10
       2.5448000  4.12819e-10
       2.5456000  4.12819e-10
       2.5464000  4.12819e-10
       2.5472000  4.12819e-10
       2.5480000  4.12819e-10
       2.5488000  4.12819e-10
       2.5496000  4.12819e-10
       2.5504000  4.12819e-10
       2.5512000  4.12819e-10
       2.5520000  4.12819e-10
       2.5528000  4.12819e-10
       2.5536000  4.12819e-10
       2.5544000  4.12819e-10
       2.5552000  4.12819e-10
       2.5560000  4.12819e-10
       2.5568000  4.12819e-10
       2.5576000  4.12819e-10
       2.5584000  4.12819e-10
       2.5592000  4.12819e-10
       2.5600000  4.12819e-10
       2.5608000  4.12819e-10
       2.5616000  4.12819e-10
       2.5624000  4.12819e-10
       2.5632000  4.12819e-10
       2.5640000  4.12819e-10
       2.5648000  4.12819e-10
       2.5656000  4.12819e-10
       2.5664000  4.12819e-10
       2.5672000  4.12819e-10
       2.5680000  4.12819e-10
       2.5688000  4.12819e-10
       2.5696000  4.12819e-10
       2.5704000  4.12819e-10
       2.5712000  4.12819e-10
       2.5720000  4.12819e-10
       2.5728000  4.12819e-10
       2.5736000  4.12819e-10
       2.5744000  4.12819e-10
       2.5752000  4.12819e-10
       2.5760000  4.12819e-10
       2.5768000  4.12819e-10
       2.5776000  4.12819e-10
       2.5784000  4.12819e-10
       2.5792000  4.12819e-10
       2.5800000  4.12819e-10
       2.5808000  4.12819e-10
       2.5816000  4.12819e-10
       2.5824000  4.12819e-10
       2.5832000  4.12819e-10
       2.5840000  4.12819e-10
       2.5848000  4.12819e-10
       2.5856000  4.12819e-10
       2.5864000  4.12819e-10
       2.5872000  4.12819e-10
       2.5880000  4.12819e-10
       2.5888000  4.12819e-10
       2.5896000  4.12819e-10
       2.5904000  4.12819e-10
       2.5912000  4.12819e-10
       2.5920000  4.12819e-10
       2.5928000  4.12819e-10
       2.5936000  4.12819e-10
       2.5944000  4.12819e-10
       2.5952000  4.12819e-10
       2.5960000  4.12819e-10
       2.5968000      0.00000
       2.5976000      0.00000
       2.5984000      0.00000
       2.5992000      0.00000
       2.6000000      0.00000
