#ESO IR Filter Curve from van der Bliek, et al. (1996)
#1996A&AS..119..547V
#Digitized and normalized
# Ko
       2.0999999      0.00000
       2.1005999      0.00000
       2.1011999      0.00000
       2.1017999      0.00000
       2.1023999      0.00000
       2.1029999      0.00000
       2.1035999      0.00000
       2.1041999      0.00000
       2.1047999      0.00000
       2.1053999      0.00000
       2.1059999      0.00000
       2.1065999      0.00000
       2.1071999      0.00000
       2.1077999      0.00000
       2.1083999      0.00000
       2.1089999      0.00000
       2.1095999      0.00000
       2.1101999      0.00000
       2.1107999      0.00000
       2.1113999      0.00000
       2.1119999      0.00000
       2.1125999      0.00000
       2.1131999      0.00000
       2.1137999      0.00000
       2.1143999      0.00000
       2.1149999      0.00000
       2.1155999      0.00000
       2.1161999      0.00000
       2.1167999      0.00000
       2.1173999      0.00000
       2.1179999      0.00000
       2.1185999      0.00000
       2.1191999      0.00000
       2.1197999      0.00000
       2.1203999      0.00000
       2.1209999      0.00000
       2.1215999      0.00000
       2.1221999      0.00000
       2.1227999      0.00000
       2.1233999      0.00000
       2.1239999      0.00000
       2.1245999      0.00000
       2.1251999      0.00000
       2.1257999      0.00000
       2.1263999      0.00000
       2.1269999      0.00000
       2.1275999      0.00000
       2.1281999      0.00000
       2.1287999      0.00000
       2.1293999      0.00000
       2.1299999      0.00000
       2.1305999      0.00000
       2.1311999      0.00000
       2.1317999      0.00000
       2.1323999      0.00000
       2.1329999      0.00000
       2.1335999      0.00000
       2.1341999      0.00000
       2.1347999      0.00000
       2.1353999      0.00000
       2.1359999      0.00000
       2.1365999      0.00000
       2.1371999      0.00000
       2.1377999      0.00000
       2.1383999      0.00000
       2.1389999      0.00000
       2.1395999      0.00000
       2.1401999      0.00000
       2.1407999      0.00000
       2.1413999      0.00000
       2.1419999      0.00000
       2.1425999      0.00000
       2.1431999      0.00000
       2.1437999      0.00000
       2.1443999      0.00000
       2.1449999      0.00000
       2.1455999      0.00000
       2.1461999      0.00000
       2.1467999      0.00000
       2.1473999      0.00000
       2.1479999      0.00000
       2.1485999      0.00000
       2.1491999      0.00000
       2.1497999      0.00000
       2.1503999      0.00000
       2.1509999      0.00000
       2.1515999      0.00000
       2.1521999      0.00000
       2.1527999      0.00000
       2.1533999      0.00000
       2.1539999      0.00000
       2.1545999      0.00000
       2.1551999      0.00000
       2.1557999  7.87258e-10
       2.1563999  1.55422e-05
       2.1569999  3.10836e-05
       2.1575999  5.17986e-05
       2.1581999  7.25142e-05
       2.1587999  9.32299e-05
       2.1593999  0.000113946
       2.1599999  0.000138546
       2.1605999  0.000164442
       2.1611999  0.000486869
       2.1617999  0.000813183
       2.1623999   0.00113950
       2.1629999   0.00145027
       2.1635999   0.00206140
       2.1641999   0.00266741
       2.1647999   0.00337172
       2.1653999   0.00427297
       2.1659999   0.00517422
       2.1665999   0.00637719
       2.1671999   0.00757886
       2.1677999   0.00848400
       2.1683999   0.00938525
       2.1689999    0.0105921
       2.1695999    0.0117990
       2.1701999    0.0129056
       2.1707999    0.0141124
       2.1713999    0.0155214
       2.1719999    0.0169586
       2.1725999    0.0184711
       2.1731999    0.0199732
       2.1737999    0.0217166
       2.1743999    0.0238195
       2.1749999    0.0259962
       2.1755999    0.0283941
       2.1761999    0.0312877
       2.1767999    0.0341565
       2.1773999    0.0374507
       2.1779999    0.0409366
       2.1785999    0.0443975
       2.1791999    0.0485826
       2.1797999    0.0529982
       2.1803999    0.0578380
       2.1809999    0.0635898
       2.1815999    0.0697186
       2.1821999    0.0758436
       2.1827999    0.0825919
       2.1833999    0.0899857
       2.1839999    0.0976497
       2.1845999     0.105618
       2.1851999     0.114482
       2.1857999     0.123367
       2.1863999     0.133144
       2.1869999     0.143376
       2.1875999     0.153756
       2.1881999     0.164729
       2.1887999     0.176596
       2.1893999     0.188760
       2.1899999     0.201200
       2.1905999     0.214535
       2.1911999     0.228172
       2.1917999     0.243023
       2.1923999     0.258769
       2.1929999     0.275404
       2.1935999     0.292639
       2.1941999     0.309848
       2.1947999     0.328004
       2.1953999     0.347032
       2.1959999     0.366059
       2.1965999     0.385657
       2.1971999     0.404954
       2.1977999     0.424872
       2.1983999     0.444494
       2.1989999     0.465010
       2.1995999     0.485533
       2.2001999     0.505432
       2.2007999     0.526519
       2.2013999     0.547013
       2.2019999     0.567247
       2.2025999     0.588061
       2.2031999     0.609226
       2.2037999     0.631011
       2.2043999     0.652473
       2.2049999     0.674206
       2.2055999     0.694124
       2.2061999     0.714043
       2.2067999     0.734235
       2.2073999     0.753538
       2.2079999     0.772860
       2.2085999     0.792168
       2.2091999     0.811195
       2.2097999     0.829922
       2.2103999     0.847729
       2.2109999     0.865235
       2.2115999     0.880958
       2.2121999     0.897003
       2.2127999     0.912152
       2.2133999     0.926755
       2.2139999     0.940708
       2.2145999     0.953468
       2.2151999     0.964366
       2.2157999     0.973552
       2.2163999     0.981021
       2.2169999     0.987397
       2.2175999     0.992682
       2.2181999     0.997168
       2.2187999     0.999837
       2.2193999      1.00000
       2.2199999     0.998520
       2.2205999     0.994582
       2.2211999     0.989377
       2.2217999     0.983426
       2.2223999     0.975830
       2.2229999     0.966521
       2.2235999     0.955794
       2.2241999     0.944026
       2.2247999     0.930842
       2.2253999     0.916639
       2.2259999     0.902433
       2.2265999     0.887061
       2.2271999     0.872012
       2.2277999     0.856017
       2.2283999     0.838633
       2.2289999     0.821797
       2.2295999     0.804660
       2.2301999     0.786381
       2.2307999     0.766559
       2.2313999     0.746735
       2.2319999     0.726019
       2.2325999     0.703864
       2.2331999     0.682876
       2.2337999     0.660070
       2.2343999     0.637238
       2.2349999     0.615053
       2.2355999     0.591949
       2.2361999     0.568548
       2.2367999     0.545099
       2.2373999     0.522895
       2.2379999     0.500091
       2.2385999     0.478780
       2.2391999     0.457715
       2.2397999     0.435506
       2.2403999     0.414793
       2.2409999     0.394106
       2.2415999     0.372772
       2.2421999     0.352351
       2.2427999     0.332854
       2.2433999     0.314573
       2.2439999     0.296166
       2.2445999     0.279326
       2.2451999     0.262189
       2.2457999     0.246293
       2.2463999     0.231230
       2.2469999     0.216776
       2.2475999     0.203493
       2.2481999     0.191019
       2.2487999     0.179253
       2.2493999     0.168058
       2.2499999     0.157431
       2.2505999     0.147777
       2.2511999     0.138370
       2.2517999     0.129878
       2.2523999     0.121614
       2.2529999     0.114011
       2.2535999     0.106710
       2.2541999    0.0996371
       2.2547999    0.0937405
       2.2553999    0.0881582
       2.2559999    0.0829513
       2.2565999    0.0783414
       2.2571999    0.0740029
       2.2577999    0.0699402
       2.2583999    0.0660813
       2.2589999    0.0627377
       2.2595999    0.0595695
       2.2601999    0.0569020
       2.2607999    0.0545297
       2.2613999    0.0521574
       2.2619999    0.0495624
       2.2625999    0.0471111
       2.2631999    0.0448851
       2.2637999    0.0425815
       2.2643999    0.0404993
       2.2649999    0.0387150
       2.2655999    0.0369384
       2.2661999    0.0351618
       2.2667999    0.0333852
       2.2673999    0.0319038
       2.2679999    0.0304225
       2.2685999    0.0292428
       2.2691999    0.0280620
       2.2697999    0.0268837
       2.2703999    0.0260083
       2.2709999    0.0251329
       2.2715999    0.0242550
       2.2721999    0.0236697
       2.2727999    0.0233098
       2.2733999    0.0227245
       2.2739999    0.0221392
       2.2745999    0.0215591
       2.2751999    0.0209738
       2.2757999    0.0206887
       2.2763999    0.0204000
       2.2769999    0.0198147
       2.2775999    0.0192294
       2.2781999    0.0186441
       2.2787999    0.0180588
       2.2793999    0.0175433
       2.2799999    0.0172532
       2.2805999    0.0169632
       2.2811999    0.0166679
       2.2817999    0.0163831
       2.2823999    0.0160982
       2.2829999    0.0158133
       2.2835999    0.0155284
       2.2841999    0.0152436
       2.2847999    0.0149587
       2.2853999    0.0146738
       2.2859999    0.0143941
       2.2865999    0.0141144
       2.2871999    0.0135344
       2.2877999    0.0129594
       2.2883999    0.0123741
       2.2889999    0.0117888
       2.2895999    0.0112035
       2.2901999    0.0109152
       2.2907999    0.0106303
       2.2913999    0.0103455
       2.2919999    0.0100606
       2.2925999   0.00977052
       2.2931999   0.00948435
       2.2937999   0.00949983
       2.2943999   0.00951020
       2.2949999   0.00922550
       2.2955999   0.00894062
       2.2961999   0.00865575
       2.2967999   0.00836915
       2.2973999   0.00788229
       2.2979999   0.00729699
       2.2985999   0.00671169
       2.2991999   0.00612639
       2.2997999   0.00553721
       2.3003999   0.00494673
       2.3009999   0.00435625
       2.3015999   0.00406600
       2.3021999   0.00378112
       2.3027999   0.00349624
       2.3033999   0.00321136
       2.3039999   0.00312327
       2.3045999   0.00313364
       2.3051999   0.00314400
       2.3057999   0.00315436
       2.3063999   0.00316472
       2.3069999   0.00317508
       2.3075999   0.00319580
       2.3081999   0.00291093
       2.3087999   0.00262087
       2.3093999   0.00233599
       2.3099999   0.00205112
       2.3105999   0.00176624
       2.3111999   0.00148137
       2.3117999   0.00119822
       2.3123999  0.000918521
       2.3129999  0.000638826
       2.3135999  0.000348769
       2.3141999  4.83516e-05
       2.3147999  4.83516e-05
       2.3153999  4.83516e-05
       2.3159999  4.31712e-05
       2.3165999  3.79907e-05
       2.3171999  3.28102e-05
       2.3177999  2.76298e-05
       2.3183999  2.07229e-05
       2.3189999  1.03620e-05
       2.3195999  1.05257e-09
       2.3201999  1.05257e-09
       2.3207999  1.05257e-09
       2.3213999  1.05257e-09
       2.3219999  1.05257e-09
       2.3225999  1.05257e-09
       2.3231999  1.05257e-09
       2.3237999  1.05257e-09
       2.3243999  1.05257e-09
       2.3249999  1.05257e-09
       2.3255999  1.05257e-09
       2.3261999  1.05257e-09
       2.3267999  1.05257e-09
       2.3273999  1.05257e-09
       2.3279999  1.05257e-09
       2.3285999  1.05257e-09
       2.3291999  1.05257e-09
       2.3297999  1.05257e-09
       2.3303999  1.05257e-09
       2.3309999  1.05257e-09
       2.3315999  1.05257e-09
       2.3321999  1.05257e-09
       2.3327999  1.05257e-09
       2.3333999  1.05257e-09
       2.3339999  1.05257e-09
       2.3345999  1.05257e-09
       2.3351999  1.05257e-09
       2.3357999  1.05257e-09
       2.3363999  1.05257e-09
       2.3369999  1.05257e-09
       2.3375999  1.05257e-09
       2.3381999  1.05257e-09
       2.3387999  1.05257e-09
       2.3393999  1.05257e-09
       2.3399999  1.05257e-09
       2.3405999  1.05257e-09
       2.3411999  1.05257e-09
       2.3417999  1.05257e-09
       2.3423999  1.05257e-09
       2.3429999  1.05257e-09
       2.3435999  1.05257e-09
       2.3441999  1.05257e-09
       2.3447999  1.05257e-09
       2.3453999  1.05257e-09
       2.3459999  1.05257e-09
       2.3465999  1.05257e-09
       2.3471999  1.05257e-09
       2.3477999  1.05257e-09
       2.3483999  1.05257e-09
       2.3489999  1.05257e-09
       2.3495999  1.05257e-09
       2.3501999  1.05257e-09
       2.3507999  1.05257e-09
       2.3513999  1.05257e-09
       2.3519999  1.05257e-09
       2.3525999  1.05257e-09
       2.3531999  1.05257e-09
       2.3537999  1.05257e-09
       2.3543999  1.05257e-09
       2.3549999  1.05257e-09
       2.3555999  1.05257e-09
       2.3561999  1.05257e-09
       2.3567999  1.05257e-09
       2.3573999  1.05257e-09
       2.3579999  1.05257e-09
       2.3585999  1.05257e-09
       2.3591999  1.05257e-09
       2.3597999  1.05257e-09
       2.3603999  1.05257e-09
       2.3609999  1.05257e-09
       2.3615999  1.05257e-09
       2.3621999  1.05257e-09
       2.3627999  1.05257e-09
       2.3633999  1.05257e-09
       2.3639999  1.05257e-09
       2.3645999  1.05257e-09
       2.3651999  1.05257e-09
       2.3657999  1.05257e-09
       2.3663999  1.05257e-09
       2.3669999  1.05257e-09
       2.3675999  1.05257e-09
       2.3681999  1.05257e-09
       2.3687999  1.05257e-09
       2.3693999  1.05257e-09
       2.3699999  1.05257e-09
       2.3705999  1.05257e-09
       2.3711999  1.05257e-09
       2.3717999  1.05257e-09
       2.3723999  1.05257e-09
       2.3729999  1.05257e-09
       2.3735999  1.05257e-09
       2.3741999  1.05257e-09
       2.3747999  1.05257e-09
       2.3753999  1.05257e-09
       2.3759999  1.05257e-09
       2.3765999  1.05257e-09
       2.3771999  1.05257e-09
       2.3777999  1.05257e-09
       2.3783999  1.05257e-09
       2.3789999  1.05257e-09
       2.3795999  1.05257e-09
       2.3801999  1.05257e-09
       2.3807999  1.05257e-09
       2.3813999  1.05257e-09
       2.3819999  1.05257e-09
       2.3825999  1.05257e-09
       2.3831999  1.05257e-09
       2.3837999  1.05257e-09
       2.3843999  1.05257e-09
       2.3849999  1.05257e-09
       2.3855999  1.05257e-09
       2.3861999  1.05257e-09
       2.3867999  1.05257e-09
       2.3873999  1.05257e-09
       2.3879999  1.05257e-09
       2.3885999  1.05257e-09
       2.3891999  1.05257e-09
       2.3897999  1.05257e-09
       2.3903999  1.05257e-09
       2.3909999  1.05257e-09
       2.3915999  1.05257e-09
       2.3921999  1.05257e-09
       2.3927999  1.05257e-09
       2.3933999  1.05257e-09
       2.3939999  1.05257e-09
       2.3945999  1.05257e-09
       2.3951999  1.05257e-09
       2.3957999  1.05257e-09
       2.3963999  1.05257e-09
       2.3969999  1.05257e-09
       2.3975999      0.00000
       2.3981999      0.00000
       2.3987999      0.00000
       2.3993999      0.00000
       2.3999999      0.00000
