#http://www.gemini.edu/sciops/instruments/niri/filters/niri-Kshort-G0205.dat
#downloaded 2013.07.13
#K short G0205
#scanned warm
#Wavelength (nm) %T
#renormalized for astrofilt
      3.301      0.0
      3.30000    0.0103992
      3.29900    0.0115354
      3.29800    0.0106426
      3.29700    0.0103438
      3.29600    0.0115941
      3.29500   0.00975141
      3.29400   0.00801918
      3.29300    0.0106989
      3.29200    0.0124593
      3.29100    0.0129768
      3.29000   0.00967150
      3.28900   0.00691259
      3.28800    0.0111886
      3.28700    0.0117466
      3.28600   0.00678957
      3.28500   0.00984167
      3.28400   0.00931217
      3.28300   0.00769324
      3.28200   0.00893341
      3.28100   0.00582104
      3.28000   0.00384630
      3.27900   0.00809760
      3.27800   0.00546864
      3.27700   0.00958572
      3.27600   0.00576406
      3.27500   0.00639076
      3.27400   0.00797128
      3.27300   0.00554994
      3.27200   0.00519775
      3.27100   0.00827535
      3.27000   0.00595003
      3.26900   0.00564414
      3.26800   0.00752862
      3.26700   0.00568213
      3.26600   0.00626039
      3.26500   0.00472052
      3.26400   0.00705086
      3.26300   0.00493433
      3.26200   0.00762838
      3.26100   0.00711594
      3.26000   0.00772845
      3.25900   0.00626956
      3.25800   0.00579138
      3.25700   0.00639439
      3.25600   0.00644859
      3.25500   0.00427114
      3.25400   0.00450928
      3.25300   0.00645051
      3.25200   0.00483447
      3.25100   0.00329951
      3.25000   0.00418152
      3.24900   0.00520405
      3.24800   0.00465651
      3.24700   0.00545210
      3.24600   0.00491225
      3.24500   0.00397049
      3.24400   0.00363271
      3.24300   0.00471135
      3.24200   0.00491577
      3.24100   0.00362268
      3.24000   0.00343544
      3.23900   0.00285963
      3.23800   0.00439192
      3.23700   0.00512798
      3.23600   0.00314961
      3.23500   0.00427712
      3.23400   0.00258127
      3.23300   0.00442392
      3.23200   0.00388610
      3.23100   0.00470527
      3.23000   0.00416211
      3.22900   0.00413298
      3.22800   0.00360934
      3.22700   0.00334123
      3.22600   0.00456422
      3.22500   0.00108835
      3.22400   0.00255641
      3.22300   0.00251235
      3.22200   0.00326388
      3.22100   0.00299865
      3.22000   0.00317351
      3.21900   0.00366984
      3.21800   0.00173095
      3.21700   0.00285664
      3.21600   0.00343256
      3.21500   0.00268562
      3.21400   0.00345016
      3.21300   0.00262149
      3.21200   0.00190912
      3.21100   0.00353807
      3.21000   0.00321053
      3.20900   0.00298189
      3.20800   0.00202723
      3.20700   0.00330122
      3.20600   0.00123804
      3.20500   0.00223634
      3.20400   0.00185386
      3.20300   0.00246498
      3.20200   0.00261243
      3.20100   0.00311462
      3.20000   0.00238912
      3.19900   0.00279999
      3.19800   0.00252046
      3.19700   0.00290774
      3.19600  0.000623542
      3.19500   0.00317895
      3.19400   0.00150796
      3.19300   0.00294477
      3.19200   0.00179571
      3.19100   0.00328191
      3.19000   0.00379680
      3.18900   0.00150444
      3.18800   0.00264475
      3.18700   0.00247010
      3.18600   0.00191926
      3.18500   0.00294967
      3.18400   0.00247864
      3.18300   0.00208687
      3.18200   0.00250926
      3.18100  0.000756671
      3.18000   0.00297133
      3.17900   0.00237931
      3.17800   0.00242849
      3.17700   0.00234421
      3.17600   0.00169766
      3.17500   0.00154957
      3.17400   0.00229150
      3.17300   0.00241387
      3.17200   0.00138292
      3.17100   0.00211535
      3.17000   0.00169819
      3.16900   0.00254798
      3.16800   0.00213509
      3.16700   0.00238005
      3.16600   0.00164986
      3.16500   0.00203363
      3.16400   0.00226771
      3.16300   0.00136553
      3.16200   0.00179603
      3.16100   0.00240907
      3.16000   0.00170801
      3.15900   0.00219430
      3.15800   0.00131667
      3.15700   0.00228617
      3.15600   0.00172636
      3.15500   0.00279295
      3.15400   0.00139925
      3.15300   0.00203950
      3.15200   0.00191275
      3.15100   0.00154669
      3.15000   0.00171260
      3.14900   0.00123761
      3.14800   0.00214309
      3.14700   0.00127581
      3.14600   0.00182622
      3.14500   0.00181715
      3.14400   0.00158446
      3.14300   0.00107203
      3.14200   0.00122758
      3.14100   0.00176648
      3.14000   0.00181022
      3.13900   0.00147148
      3.13800  0.000927525
      3.13700   0.00197655
      3.13600   0.00175335
      3.13500   0.00168528
      3.13400   0.00198476
      3.13300   0.00206766
      3.13200   0.00113839
      3.13100   0.00163418
      3.13000   0.00146966
      3.12900   0.00170609
      3.12800  0.000659433
      3.12700   0.00148460
      3.12600   0.00118138
      3.12500   0.00131549
      3.12400   0.00135230
      3.12300   0.00129373
      3.12200   0.00174962
      3.12100  0.000807104
      3.12000   0.00162820
      3.11900  0.000838438
      3.11800   0.00214811
      3.11700   0.00127495
      3.11600   0.00144118
      3.11500   0.00120976
      3.11400   0.00128541
      3.11300  0.000971354
      3.11200   0.00126428
      3.11100   0.00116602
      3.11000   0.00162084
      3.10900   0.00189941
      3.10800   0.00113497
      3.10700   0.00124807
      3.10600   0.00144288
      3.10500   0.00118640
      3.10400  0.000934268
      3.10300   0.00136319
      3.10200   0.00134846
      3.10100  0.000985031
      3.10000   0.00147766
      3.09900   0.00119600
      3.09800   0.00122395
      3.09700   0.00181267
      3.09600  0.000867533
      3.09500   0.00100774
      3.09400   0.00114479
      3.09300   0.00116954
      3.09200   0.00126823
      3.09100   0.00104268
      3.09000  0.000751742
      3.08900   0.00109529
      3.08800  0.000808779
      3.08700   0.00131507
      3.08600   0.00123665
      3.08500   0.00136126
      3.08400   0.00111460
      3.08300   0.00140554
      3.08200  0.000832571
      3.08100  0.000924420
      3.08000  0.000980785
      3.07900   0.00103643
      3.07800   0.00109134
      3.07700  0.000736410
      3.07600  0.000510845
      3.07500  0.000969391
      3.07400  0.000684591
      3.07300  0.000708895
      3.07200  0.000552454
      3.07100  0.000875513
      3.07000  0.000987176
      3.06900  0.000979430
      3.06800  0.000912183
      3.06700  0.000990526
      3.06600   0.00126834
      3.06500   0.00105830
      3.06400  0.000713088
      3.06300  0.000790118
      3.06200   0.00119888
      3.06100  0.000611956
      3.06000  0.000771693
      3.05900   0.00125084
      3.05800  0.000516969
      3.05700  0.000752499
      3.05600  0.000931163
      3.05500  0.000844595
      3.05400  0.000760373
      3.05300  0.000833285
      3.05200  0.000620459
      3.05100  0.000590874
      3.05000  0.000963096
      3.04900  0.000880869
      3.04800  0.000478219
      3.04700  0.000743932
      3.04600  0.000714251
      3.04500  0.000612735
      3.04400  0.000726734
      3.04300  0.000483650
      3.04200  0.000574241
      3.04100  0.000756671
      3.04000  0.000774382
      3.03900  0.000859371
      3.03800  0.000807914
      3.03700  0.000664597
      3.03600  0.000863297
      3.03500  0.000543140
      3.03400  0.000672097
      3.03300  0.000864887
      3.03200  0.000771650
      3.03100  0.000592229
      3.03000  0.000436994
      3.02900  0.000668875
      3.02800  0.000876324
      3.02700  0.000616949
      3.02600  0.000947039
      3.02500  0.000856789
      3.02400  0.000479809
      3.02300  0.000824249
      3.02200  0.000695879
      3.02100  0.000529708
      3.02000  0.000846270
      3.01900  0.000721954
      3.01800  0.000637423
      3.01700  0.000593541
      3.01600  0.000452923
      3.01500  0.000603826
      3.01400  0.000293442
      3.01300  0.000747666
      3.01200  0.000572598
      3.01100  0.000531468
      3.01000  0.000434273
      3.00900  0.000542532
      3.00800  0.000575510
      3.00700  0.000790748
      3.00600  0.000459100
      3.00500  0.000365970
      3.00400  0.000667179
      3.00300  0.000502598
      3.00200  0.000446681
      3.00100  0.000531266
      3.00000  0.000493465
      2.99900  0.000592581
      2.99800  0.000502395
      2.99700  0.000618965
      2.99600  0.000495535
      2.99500  0.000492964
      2.99400  0.000923599
      2.99300  0.000353092
      2.99200  0.000416349
      2.99100  0.000724930
      2.99000  0.000605714
      2.98900  0.000343864
      2.98800  0.000501830
      2.98700  0.000626562
      2.98600  0.000432428
      2.98500  0.000508210
      2.98400  0.000443022
      2.98300  0.000487352
      2.98200  0.000499973
      2.98100  0.000404581
      2.98000  0.000356453
      2.97900  0.000263152
      2.97800  0.000261680
      2.97700  0.000530369
      2.97600  0.000348398
      2.97500  0.000434903
      2.97400  0.000550630
      2.97300  0.000312550
      2.97200  0.000471444
      2.97100  0.000178195
      2.97000  0.000407569
      2.96900  0.000490489
      2.96800  0.000416488
      2.96700  0.000428021
      2.96600  0.000354213
      2.96500  0.000533335
      2.96400  0.000487885
      2.96300  0.000388610
      2.96200  0.000618304
      2.96100  0.000275912
      2.96000  0.000274035
      2.95900  0.000419625
      2.95800  0.000390573
      2.95700  0.000573654
      2.95600  0.000399706
      2.95500  0.000305978
      2.95400  0.000408113
      2.95300  0.000418942
      2.95200  0.000417395
      2.95100  0.000376020
      2.95000  0.000387223
      2.94900  0.000435394
      2.94800  0.000420926
      2.94700  0.000431478
      2.94600  0.000603591
      2.94500  0.000352132
      2.94400  0.000473792
      2.94300  0.000347641
      2.94200  0.000235669
      2.94100  0.000513427
      2.94000  0.000329770
      2.93900  0.000255022
      2.93800  0.000361393
      2.93700  0.000371102
      2.93600  0.000404635
      2.93500  0.000414119
      2.93400  0.000154499
      2.93300  0.000188842
      2.93200  0.000442531
      2.93100  0.000382315
      2.93000  0.000403216
      2.92900  0.000390370
      2.92800  0.000331509
      2.92700  0.000262384
      2.92600  0.000362172
      2.92500  0.000182046
      2.92400  0.000436620
      2.92300  0.000378613
      2.92200  0.000354757
      2.92100  0.000375167
      2.92000  0.000318439
      2.91900  0.000305658
      2.91800  0.000303439
      2.91700  0.000409286
      2.91600  0.000290145
      2.91500  0.000256634
      2.91400  0.000328522
      2.91300  0.000452219
      2.91200  0.000283797
      2.91100  0.000436813
      2.91000  0.000280052
      2.90900  0.000359558
      2.90800  0.000317084
      2.90700  0.000355514
      2.90600  0.000323112
      2.90500  0.000281226
      2.90400  0.000309307
      2.90300  0.000257732
      2.90200  0.000334155
      2.90100  0.000264006
      2.90000  0.000319613
      2.89900  0.000278708
      2.89800  0.000219708
      2.89700  0.000386540
      2.89600  0.000317906
      2.89500  0.000241387
      2.89400  0.000302788
      2.89300  0.000444580
      2.89200  0.000136276
      2.89100  0.000365458
      2.89000  0.000177341
      2.88900  0.000436375
      2.88800  0.000303257
      2.88700  0.000240502
      2.88600  0.000229886
      2.88500  0.000336619
      2.88400  0.000184180
      2.88300  0.000248045
      2.88200  0.000204910
      2.88100  0.000307749
      2.88000  0.000193387
      2.87900  0.000167899
      2.87800  0.000205593
      2.87700  0.000351001
      2.87600  7.87152e-05
      2.87500  0.000176712
      2.87400  0.000288118
      2.87300  0.000300366
      2.87200  0.000267740
      2.87100  0.000184383
      2.87000  0.000197057
      2.86900  0.000216923
      2.86800  0.000164890
      2.86700  0.000226760
      2.86600  0.000224349
      2.86500  0.000270418
      2.86400  0.000254084
      2.86300  0.000136916
      2.86200  0.000168923
      2.86100  0.000200685
      2.86000  0.000231412
      2.85900  0.000255022
      2.85800  0.000155832
      2.85700  0.000185844
      2.85600  0.000253305
      2.85500  0.000219121
      2.85400  0.000161241
      2.85300  0.000147350
      2.85200  0.000181875
      2.85100  0.000239403
      2.85000  0.000166107
      2.84900  0.000187413
      2.84800  0.000225491
      2.84700  0.000160324
      2.84600  0.000164122
      2.84500  0.000212218
      2.84400  0.000105223
      2.84300  0.000163663
      2.84200  0.000113295
      2.84100  0.000201453
      2.84000  0.000174087
      2.83900  0.000157966
      2.83800  0.000193718
      2.83700  0.000211770
      2.83600  0.000145078
      2.83500  0.000158350
      2.83400  0.000127570
      2.83300  0.000142123
      2.83200  0.000221511
      2.83100  0.000121585
      2.83000  0.000177789
      2.82900  0.000220636
      2.82800  0.000154296
      2.82700  0.000119653
      2.82600  0.000127549
      2.82500  0.000218588
      2.82400  0.000151842
      2.82300  0.000145366
      2.82200  0.000133630
      2.82100  0.000195927
      2.82000  0.000186975
      2.81900  0.000140949
      2.81800  0.000148791
      2.81700  0.000143627
      2.81600  0.000139263
      2.81500  0.000115557
      2.81400  8.95923e-05
      2.81300  0.000148225
      2.81200  0.000127837
      2.81100  0.000122225
      2.81000  0.000142741
      2.80900  8.89245e-05
      2.80800  0.000138335
      2.80700  0.000160537
      2.80600  0.000159268
      2.80500  0.000177554
      2.80400  0.000107928
      2.80300  0.000183358
      2.80200  7.75246e-05
      2.80100  0.000147340
      2.80000  0.000172401
      2.79900  0.000189781
      2.79800  8.67117e-05
      2.79700  0.000137108
      2.79600  0.000218545
      2.79500  0.000104419
      2.79400  0.000169371
      2.79300  0.000151138
      2.79200  0.000185044
      2.79100  9.42046e-05
      2.79000  0.000118843
      2.78900  0.000145579
      2.78800  0.000109582
      2.78700  9.56641e-05
      2.78600  0.000151842
      2.78500  0.000132467
      2.78400  0.000148812
      2.78300  0.000163525
      2.78200  0.000113049
      2.78100  0.000175410
      2.78000  0.000112623
      2.77900  0.000148545
      2.77800  0.000131219
      2.77700  0.000114308
      2.77600  0.000110926
      2.77500  0.000138004
      2.77400  0.000168998
      2.77300  0.000159897
      2.77200  0.000111758
      2.77100  0.000137183
      2.77000  0.000137428
      2.76900  0.000143275
      2.76800  0.000124625
      2.76700  0.000138943
      2.76600  9.34940e-05
      2.76500  0.000129928
      2.76400  0.000170406
      2.76300  0.000104041
      2.76200  0.000152557
      2.76100  0.000138538
      2.76000  0.000118843
      2.75900  8.90760e-05
      2.75800  0.000136852
      2.75700  0.000184383
      2.75600  0.000141365
      2.75500  0.000140447
      2.75400  9.59170e-05
      2.75300  0.000176071
      2.75200  0.000129330
      2.75100  0.000145121
      2.75000  6.07635e-05
      2.74900  0.000154552
      2.74800  0.000166491
      2.74700  0.000160239
      2.74600  0.000151458
      2.74500  0.000156216
      2.74400  9.39112e-05
      2.74300  0.000172444
      2.74200  0.000158233
      2.74100  0.000147222
      2.74000  0.000107192
      2.73900  5.54748e-05
      2.73800  0.000166437
      2.73700  0.000145078
      2.73600  0.000163407
      2.73500  0.000119248
      2.73400  0.000173041
      2.73300  8.21912e-05
      2.73200  0.000111758
      2.73100  0.000186783
      2.73000  0.000130749
      2.72900  0.000151799
      2.72800  0.000152237
      2.72700  7.86288e-05
      2.72600  0.000197442
      2.72500  0.000145718
      2.72400  0.000107608
      2.72300  0.000137791
      2.72200  0.000103921
      2.72100  0.000159886
      2.72000  0.000126983
      2.71900  0.000160356
      2.71800  0.000101855
      2.71700  0.000113028
      2.71600  5.09351e-05
      2.71500  0.000144363
      2.71400  0.000174813
      2.71300  0.000176840
      2.71200  9.70127e-05
      2.71100  0.000172967
      2.71000  0.000118245
      2.70900  0.000188448
      2.70800  0.000187850
      2.70700  0.000135497
      2.70600  9.10145e-05
      2.70500  0.000150626
      2.70400  0.000130760
      2.70300  0.000145793
      2.70200  0.000140586
      2.70100  8.81712e-05
      2.70000  0.000143616
      2.69900  9.93801e-05
      2.69800  0.000102127
      2.69700  0.000149655
      2.69600  0.000159694
      2.69500  0.000193089
      2.69400  0.000162426
      2.69300  8.83409e-05
      2.69200  0.000118373
      2.69100  0.000105212
      2.69000  0.000126055
      2.68900  0.000146486
      2.68800  0.000193867
      2.68700  0.000132712
      2.68600  0.000163877
      2.68500  0.000119952
      2.68400  0.000107864
      2.68300  0.000123836
      2.68200  0.000189984
      2.68100  0.000116207
      2.68000  0.000189792
      2.67900  0.000102999
      2.67800  0.000129842
      2.67700  0.000141130
      2.67600  0.000127517
      2.67500  0.000136425
      2.67400  0.000142037
      2.67300  0.000145430
      2.67200  9.95764e-05
      2.67100  0.000174535
      2.67000  0.000176658
      2.66900  0.000146764
      2.66800  0.000106925
      2.66700  0.000149345
      2.66600  0.000140810
      2.66500  0.000154808
      2.66400  9.36263e-05
      2.66300  0.000110062
      2.66200  0.000172007
      2.66100  0.000107918
      2.66000  0.000139146
      2.65900  0.000111737
      2.65800  0.000147233
      2.65700  0.000129778
      2.65600  0.000125425
      2.65500  0.000143766
      2.65400  0.000126130
      2.65300  8.83355e-05
      2.65200  0.000130941
      2.65100  0.000146913
      2.65000  0.000152802
      2.64900  0.000118523
      2.64800  0.000148332
      2.64700  8.77690e-05
      2.64600  0.000106199
      2.64500  9.66318e-05
      2.64400  6.98034e-05
      2.64300  0.000115941
      2.64200  0.000123025
      2.64100  0.000129213
      2.64000  0.000188906
      2.63900  7.38469e-05
      2.63800  7.90374e-05
      2.63700  7.85072e-05
      2.63600  0.000167899
      2.63500  0.000104071
      2.63400  0.000133225
      2.63300  0.000158414
      2.63200  0.000104993
      2.63100  0.000122630
      2.63000  0.000120432
      2.62900  0.000160911
      2.62800  8.27055e-05
      2.62700  0.000145078
      2.62600  0.000147969
      2.62500  0.000160185
      2.62400  8.15425e-05
      2.62300  0.000113177
      2.62200  0.000125874
      2.62100  0.000129298
      2.62000  0.000155608
      2.61900  0.000163343
      2.61800  0.000125212
      2.61700  0.000114042
      2.61600  0.000115066
      2.61500  0.000200578
      2.61400  0.000115834
      2.61300  0.000115909
      2.61200  0.000161498
      2.61100  9.53931e-05
      2.61000  0.000110958
      2.60900  0.000119878
      2.60800  0.000143189
      2.60700  0.000176456
      2.60600  0.000165146
      2.60500  0.000171836
      2.60400  6.94054e-05
      2.60300  0.000134601
      2.60200  0.000110713
      2.60100  0.000158094
      2.60000  0.000156206
      2.59900  0.000149409
      2.59800  0.000121638
      2.59700  0.000108654
      2.59600  0.000174226
      2.59500  0.000127047
      2.59400  0.000158724
      2.59300  0.000125596
      2.59200  0.000108963
      2.59100  0.000105419
      2.59000  0.000116858
      2.58900  0.000176295
      2.58800  7.62037e-05
      2.58700  0.000118491
      2.58600  0.000157966
      2.58500  0.000150103
      2.58400  0.000167376
      2.58300  0.000113615
      2.58200  0.000128466
      2.58100  0.000126108
      2.58000  0.000163098
      2.57900  0.000115386
      2.57800  0.000108664
      2.57700  0.000210917
      2.57600  8.74041e-05
      2.57500  0.000114724
      2.57400  0.000136094
      2.57300  8.85457e-05
      2.57200  0.000159310
      2.57100  0.000107683
      2.57000  0.000179507
      2.56900  0.000136308
      2.56800  0.000156931
      2.56700  7.87953e-05
      2.56600  0.000169574
      2.56500  0.000179390
      2.56400  0.000154861
      2.56300  9.18243e-05
      2.56200  0.000180211
      2.56100  9.23418e-05
      2.56000  0.000135774
      2.55900  7.58314e-05
      2.55800  0.000137802
      2.55700  0.000159897
      2.55600  8.63383e-05
      2.55500  0.000160623
      2.55400  0.000109294
      2.55300  0.000131549
      2.55200  0.000142997
      2.55100  0.000112751
      2.55000  0.000138079
      2.54900  0.000128936
      2.54800  0.000150242
      2.54700  8.20995e-05
      2.54600  0.000166171
      2.54500  0.000134996
      2.54400  0.000113156
      2.54300  4.38658e-05
      2.54200  0.000106883
      2.54100  0.000113508
      2.54000  0.000142656
      2.53900  0.000191691
      2.53800  0.000160004
      2.53700  0.000142453
      2.53600  0.000164965
      2.53500  7.75928e-05
      2.53400  0.000133470
      2.53300  0.000111022
      2.53200  0.000102055
      2.53100  0.000197975
      2.53000  7.21772e-05
      2.52900  0.000165040
      2.52800  0.000163173
      2.52700  0.000193430
      2.52600  0.000153442
      2.52500  0.000148460
      2.52400  0.000122342
      2.52300  0.000174845
      2.52200  5.33922e-05
      2.52100  9.96607e-05
      2.52000  0.000163973
      2.51900  0.000140789
      2.51800  9.98666e-05
      2.51700  0.000123740
      2.51600  0.000166224
      2.51500  0.000136831
      2.51400  0.000129693
      2.51300  0.000105024
      2.51200  0.000161775
      2.51100  0.000161124
      2.51000  0.000127122
      2.50900  7.97448e-05
      2.50800  0.000145142
      2.50700  0.000101683
      2.50600  0.000107779
      2.50500  0.000170598
      2.50400  0.000146977
      2.50300  0.000132339
      2.50200  0.000130749
      2.50100  0.000191755
      2.50000  0.000135689
      2.49900  0.000152589
      2.49800  0.000126556
      2.49700  7.59914e-05
      2.49600  0.000139317
      2.49500  0.000127421
      2.49400  0.000163525
      2.49300  0.000128338
      2.49200  0.000120880
      2.49100  0.000126748
      2.49000  0.000139242
      2.48900  0.000109144
      2.48800  0.000167237
      2.48700  0.000165328
      2.48600  8.88444e-05
      2.48500  0.000205337
      2.48400  0.000119792
      2.48300  0.000135188
      2.48200  0.000130707
      2.48100  0.000179624
      2.48000  0.000130333
      2.47900  0.000122310
      2.47800  0.000118373
      2.47700  0.000162031
      2.47600  0.000136319
      2.47500  0.000170460
      2.47400  0.000113039
      2.47300  0.000202531
      2.47200  0.000114458
      2.47100  0.000162351
      2.47000  0.000141642
      2.46900  0.000153378
      2.46800  0.000148503
      2.46700  0.000153709
      2.46600  8.34054e-05
      2.46500  0.000156558
      2.46400  0.000197367
      2.46300  0.000170641
      2.46200  6.10345e-05
      2.46100  0.000129416
      2.46000  0.000175943
      2.45900  0.000127036
      2.45800  0.000131421
      2.45700  0.000119835
      2.45600  0.000179390
      2.45500  0.000183060
      2.45400  0.000138932
      2.45300  0.000179037
      2.45200  0.000170214
      2.45100  0.000212880
      2.45000  0.000192673
      2.44900  0.000109891
      2.44800  0.000243052
      2.44700  0.000123132
      2.44600  0.000142923
      2.44500  0.000147926
      2.44400  0.000128680
      2.44300  0.000202893
      2.44200  0.000172049
      2.44100  0.000203171
      2.44000  0.000151202
      2.43900  0.000222151
      2.43800  0.000138196
      2.43700  0.000226675
      2.43600  0.000160729
      2.43500  0.000208943
      2.43400  0.000155534
      2.43300  0.000283808
      2.43200  0.000194380
      2.43100  0.000186196
      2.43000  0.000173980
      2.42900  0.000166085
      2.42800  0.000236352
      2.42700  0.000200354
      2.42600  0.000290401
      2.42500  0.000218673
      2.42400  0.000276585
      2.42300  0.000238421
      2.42200  0.000273448
      2.42100  0.000282453
      2.42000  0.000286635
      2.41900  0.000253273
      2.41800  0.000258149
      2.41700  0.000295960
      2.41600  0.000298414
      2.41500  0.000269042
      2.41400  0.000246743
      2.41300  0.000282165
      2.41200  0.000286133
      2.41100  0.000316092
      2.41000  0.000320723
      2.40900  0.000273715
      2.40800  0.000295778
      2.40700  0.000420393
      2.40600  0.000337345
      2.40500  0.000365639
      2.40400  0.000310971
      2.40300  0.000404752
      2.40200  0.000458161
      2.40100  0.000474837
      2.40000  0.000479467
      2.39900  0.000449370
      2.39800  0.000488579
      2.39700  0.000439181
      2.39600  0.000550054
      2.39500  0.000556861
      2.39400  0.000510770
      2.39300  0.000670678
      2.39200  0.000611988
      2.39100  0.000643910
      2.39000  0.000669313
      2.38900  0.000722786
      2.38800  0.000812321
      2.38700  0.000827023
      2.38600  0.000875385
      2.38500  0.000973477
      2.38400  0.000969156
      2.38300   0.00100366
      2.38200   0.00108536
      2.38100   0.00117712
      2.38000   0.00126034
      2.37900   0.00132030
      2.37800   0.00143211
      2.37700   0.00151298
      2.37600   0.00160591
      2.37500   0.00173543
      2.37400   0.00186004
      2.37300   0.00198786
      2.37200   0.00214299
      2.37100   0.00229278
      2.37000   0.00248109
      2.36900   0.00270258
      2.36800   0.00290668
      2.36700   0.00316306
      2.36600   0.00339863
      2.36500   0.00375252
      2.36400   0.00400815
      2.36300   0.00439853
      2.36200   0.00478144
      2.36100   0.00519988
      2.36000   0.00570752
      2.35900   0.00620704
      2.35800   0.00686447
      2.35700   0.00749629
      2.35600   0.00815927
      2.35500   0.00897257
      2.35400   0.00995178
      2.35300    0.0108536
      2.35200    0.0120006
      2.35100    0.0132051
      2.35000    0.0145569
      2.34900    0.0161764
      2.34800    0.0177896
      2.34700    0.0197388
      2.34600    0.0218620
      2.34500    0.0243233
      2.34400    0.0269628
      2.34300    0.0300494
      2.34200    0.0333611
      2.34100    0.0371891
      2.34000    0.0415048
      2.33900    0.0461383
      2.33800    0.0515049
      2.33700    0.0574262
      2.33600    0.0638810
      2.33500    0.0713493
      2.33400    0.0796136
      2.33300    0.0885820
      2.33200    0.0986546
      2.33100     0.109763
      2.33000     0.122043
      2.32900     0.135326
      2.32800     0.150124
      2.32700     0.166576
      2.32600     0.184031
      2.32500     0.202755
      2.32400     0.223709
      2.32300     0.245442
      2.32200     0.268572
      2.32100     0.294381
      2.32000     0.320701
      2.31900     0.348526
      2.31800     0.377866
      2.31700     0.407707
      2.31600     0.439213
      2.31500     0.471050
      2.31400     0.504358
      2.31300     0.536942
      2.31200     0.570176
      2.31100     0.602940
      2.31000     0.635470
      2.30900     0.666837
      2.30800     0.698194
      2.30700     0.728323
      2.30600     0.756116
      2.30500     0.783226
      2.30400     0.808106
      2.30300     0.831418
      2.30200     0.853418
      2.30100     0.872697
      2.30000     0.890493
      2.29900     0.906315
      2.29800     0.920484
      2.29700     0.933020
      2.29600     0.944126
      2.29500     0.953707
      2.29400     0.961879
      2.29300     0.969028
      2.29200     0.974821
      2.29100     0.979771
      2.29000     0.983964
      2.28900     0.987186
      2.28800     0.990014
      2.28700     0.992233
      2.28600     0.993876
      2.28500     0.995210
      2.28400     0.996095
      2.28300     0.996991
      2.28200     0.997439
      2.28100     0.997504
      2.28000     0.997792
      2.27900     0.997941
      2.27800     0.997813
      2.27700     0.997567
      2.27600     0.997450
      2.27500     0.997439
      2.27400     0.997397
      2.27300     0.996874
      2.27200     0.997109
      2.27100     0.996927
      2.27000     0.996511
      2.26900     0.996554
      2.26800     0.996703
      2.26700     0.996383
      2.26600     0.996245
      2.26500     0.996276
      2.26400     0.996341
      2.26300     0.996116
      2.26200     0.996085
      2.26100     0.996020
      2.26000     0.995871
      2.25900     0.995754
      2.25800     0.995551
      2.25700     0.995284
      2.25600     0.994954
      2.25500     0.994762
      2.25400     0.994249
      2.25300     0.993812
      2.25200     0.993225
      2.25100     0.992670
      2.25000     0.991881
      2.24900     0.991219
      2.24800     0.990345
      2.24700     0.989523
      2.24600     0.988520
      2.24500     0.987517
      2.24400     0.986674
      2.24300     0.985415
      2.24200     0.984199
      2.24100     0.983154
      2.24000     0.981948
      2.23900     0.980604
      2.23800     0.979249
      2.23700     0.978246
      2.23600     0.977126
      2.23500     0.975867
      2.23400     0.974789
      2.23300     0.973711
      2.23200     0.972645
      2.23100     0.971450
      2.23000     0.970585
      2.22900     0.969551
      2.22800     0.968654
      2.22700     0.968036
      2.22600     0.967235
      2.22500     0.966627
      2.22400     0.965976
      2.22300     0.965646
      2.22200     0.965368
      2.22100     0.965048
      2.22000     0.964867
      2.21900     0.964984
      2.21800     0.964963
      2.21700     0.965134
      2.21600     0.965390
      2.21500     0.965923
      2.21400     0.966115
      2.21300     0.966841
      2.21200     0.967577
      2.21100     0.968260
      2.21000     0.969038
      2.20900     0.970073
      2.20800     0.971418
      2.20700     0.972325
      2.20600     0.973701
      2.20500     0.975259
      2.20400     0.976709
      2.20300     0.978096
      2.20200     0.979569
      2.20100     0.981265
      2.20000     0.982663
      2.19900     0.984423
      2.19800     0.985928
      2.19700     0.987304
      2.19600     0.988926
      2.19500     0.990110
      2.19400     0.991465
      2.19300     0.992692
      2.19200     0.993460
      2.19100     0.994538
      2.19000     0.995306
      2.18900     0.996116
      2.18800     0.996863
      2.18700     0.997461
      2.18600     0.998026
      2.18500     0.998528
      2.18400     0.998869
      2.18300     0.999136
      2.18200     0.999200
      2.18100     0.999317
      2.18000     0.999787
      2.17900     0.999712
      2.17800     0.999755
      2.17700      1.00000
      2.17600     0.999808
      2.17500     0.999648
      2.17400     0.999637
      2.17300     0.999797
      2.17200     0.999520
      2.17100     0.999253
      2.17000     0.999424
      2.16900     0.999392
      2.16800     0.999189
      2.16700     0.999050
      2.16600     0.999008
      2.16500     0.998805
      2.16400     0.998762
      2.16300     0.998624
      2.16200     0.998336
      2.16100     0.998389
      2.16000     0.998453
      2.15900     0.998378
      2.15800     0.998389
      2.15700     0.998229
      2.15600     0.998282
      2.15500     0.998464
      2.15400     0.998261
      2.15300     0.998026
      2.15200     0.998378
      2.15100     0.998229
      2.15000     0.998154
      2.14900     0.998197
      2.14800     0.998133
      2.14700     0.997760
      2.14600     0.997685
      2.14500     0.997664
      2.14400     0.997077
      2.14300     0.997034
      2.14200     0.996821
      2.14100     0.996255
      2.14000     0.996148
      2.13900     0.995551
      2.13800     0.995167
      2.13700     0.994495
      2.13600     0.993801
      2.13500     0.993044
      2.13400     0.992468
      2.13300     0.991465
      2.13200     0.990718
      2.13100     0.989640
      2.13000     0.988808
      2.12900     0.987837
      2.12800     0.986781
      2.12700     0.985725
      2.12600     0.984871
      2.12500     0.983740
      2.12400     0.982834
      2.12300     0.981767
      2.12200     0.980636
      2.12100     0.979964
      2.12000     0.978897
      2.11900     0.977894
      2.11800     0.976848
      2.11700     0.976133
      2.11600     0.975205
      2.11500     0.974448
      2.11400     0.973925
      2.11300     0.973349
      2.11200     0.972463
      2.11100     0.972250
      2.11000     0.971940
      2.10900     0.971567
      2.10800     0.971226
      2.10700     0.971322
      2.10600     0.971418
      2.10500     0.971364
      2.10400     0.971631
      2.10300     0.972165
      2.10200     0.972570
      2.10100     0.973167
      2.10000     0.973776
      2.09900     0.974682
      2.09800     0.975547
      2.09700     0.976411
      2.09600     0.977552
      2.09500     0.978587
      2.09400     0.979611
      2.09300     0.980785
      2.09200     0.981969
      2.09100     0.983047
      2.09000     0.984221
      2.08900     0.985479
      2.08800     0.986376
      2.08700     0.987293
      2.08600     0.988221
      2.08500     0.988926
      2.08400     0.989523
      2.08300     0.989768
      2.08200     0.990014
      2.08100     0.990184
      2.08000     0.989811
      2.07900     0.989416
      2.07800     0.988968
      2.07700     0.987933
      2.07600     0.986856
      2.07500     0.985672
      2.07400     0.984050
      2.07300     0.981980
      2.07200     0.980273
      2.07100     0.978043
      2.07000     0.975525
      2.06900     0.973231
      2.06800     0.970681
      2.06700     0.968036
      2.06600     0.965368
      2.06500     0.962882
      2.06400     0.960279
      2.06300     0.957719
      2.06200     0.955382
      2.06100     0.953366
      2.06000     0.951381
      2.05900     0.949557
      2.05800     0.948212
      2.05700     0.946826
      2.05600     0.945769
      2.05500     0.945278
      2.05400     0.944905
      2.05300     0.945022
      2.05200     0.945396
      2.05100     0.946324
      2.05000     0.947263
      2.04900     0.948661
      2.04800     0.950325
      2.04700     0.952256
      2.04600     0.954070
      2.04500     0.956012
      2.04400     0.958017
      2.04300     0.959895
      2.04200     0.961357
      2.04100     0.962370
      2.04000     0.962936
      2.03900     0.962413
      2.03800     0.961015
      2.03700     0.958284
      2.03600     0.954251
      2.03500     0.948469
      2.03400     0.940701
      2.03300     0.930918
      2.03200     0.918936
      2.03100     0.904128
      2.03000     0.886503
      2.02900     0.866808
      2.02800     0.843784
      2.02700     0.818445
      2.02600     0.791015
      2.02500     0.760789
      2.02400     0.727854
      2.02300     0.694620
      2.02200     0.658985
      2.02100     0.623222
      2.02000     0.586713
      2.01900     0.550129
      2.01800     0.513768
      2.01700     0.477195
      2.01600     0.442659
      2.01500     0.408998
      2.01400     0.376116
      2.01300     0.345944
      2.01200     0.317116
      2.01100     0.289398
      2.01000     0.263440
      2.00900     0.240406
      2.00800     0.217969
      2.00700     0.198135
      2.00600     0.179902
      2.00500     0.162554
      2.00400     0.147233
      2.00300     0.132883
      2.00200     0.120379
      2.00100     0.108739
      2.00000    0.0983815
      1.99900    0.0887772
      1.99800    0.0788454
      1.99700    0.0715872
      1.99600    0.0648103
      1.99500    0.0586467
      1.99400    0.0530487
      1.99300    0.0480801
      1.99200    0.0434615
      1.99100    0.0393101
      1.99000    0.0357040
      1.98900    0.0323347
      1.98800    0.0293986
      1.98700    0.0267911
      1.98600    0.0242465
      1.98500    0.0220700
      1.98400    0.0201240
      1.98300    0.0183892
      1.98200    0.0166939
      1.98100    0.0152674
      1.98000    0.0139199
      1.97900    0.0127879
      1.97800    0.0116655
      1.97700    0.0107032
      1.97600   0.00977115
      1.97500   0.00896286
      1.97400   0.00820120
      1.97300   0.00761472
      1.97200   0.00690107
      1.97100   0.00637786
      1.97000   0.00589049
      1.96900   0.00541625
      1.96800   0.00501734
      1.96700   0.00467390
      1.96600   0.00431329
      1.96500   0.00395427
      1.96400   0.00364860
      1.96300   0.00338209
      1.96200   0.00319122
      1.96100   0.00288097
      1.96000   0.00272274
      1.95900   0.00248664
      1.95800   0.00232447
      1.95700   0.00216806
      1.95600   0.00198519
      1.95500   0.00188693
      1.95400   0.00178355
      1.95300   0.00162266
      1.95200   0.00148204
      1.95100   0.00142112
      1.95000   0.00132126
      1.94900   0.00119835
      1.94800   0.00113572
      1.94700   0.00103971
      1.94600  0.000998645
      1.94500  0.000925786
      1.94400  0.000845523
      1.94300  0.000748893
      1.94200  0.000746012
      1.94100  0.000796050
      1.94000  0.000679523
      1.93900  0.000644400
      1.93800  0.000560520
      1.93700  0.000547003
      1.93600  0.000498544
      1.93500  0.000463816
      1.93400  0.000402789
      1.93300  0.000473205
      1.93200  0.000430166
      1.93100  0.000365287
      1.93000  0.000352506
      1.92900  0.000356805
      1.92800  0.000320370
      1.92700  0.000257935
      1.92600  0.000322302
      1.92500  0.000285419
      1.92400  0.000271730
      1.92300  0.000298979
      1.92200  0.000277033
      1.92100  0.000279892
      1.92000  0.000208644
      1.91900  0.000261563
      1.91800  0.000213701
      1.91700  0.000255460
      1.91600  0.000265478
      1.91500  0.000252409
      1.91400  0.000279625
      1.91300  0.000268583
      1.91200  0.000215760
      1.91100  0.000256367
      1.91000  0.000244396
      1.90900  0.000250477
      1.90800  0.000181971
      1.90700  0.000217659
      1.90600  0.000218524
      1.90500  0.000149260
      1.90400  0.000189226
      1.90300  0.000134601
      1.90200  0.000186676
      1.90100  0.000176562
      1.90000  0.000156963
      1.89900  0.000160324
      1.89800  0.000139071
      1.89700  0.000163311
      1.89600  0.000148577
      1.89500  0.000119387
      1.89400  9.34631e-05
      1.89300  0.000153378
      1.89200  0.000168934
      1.89100  0.000148022
      1.89000  0.000156942
      1.88900  0.000233524
      1.88800  7.44039e-05
      1.88700  0.000134804
      1.88600  0.000125340
      1.88500  0.000173767
      1.88400  0.000132776
      1.88300  0.000225394
      1.88200  0.000134153
      1.88100  0.000149623
      1.88000  0.000131240
      1.87900  0.000199757
      1.87800  0.000142101
      1.87700  0.000197826
      1.87600  0.000136852
      1.87500  0.000132648
      1.87400  0.000143381
      1.87300  0.000193601
      1.87200  0.000110606
      1.87100  0.000118789
      1.87000  0.000115172
      1.86900  0.000206681
      1.86800  0.000137951
      1.86700  0.000194732
      1.86600  0.000128381
      1.86500  0.000146251
      1.86400  8.70179e-05
      1.86300  0.000162618
      1.86200  5.79693e-05
      1.86100  0.000159086
      1.86000  0.000138388
      1.85900  0.000135145
      1.85800  0.000152952
      1.85700  7.86064e-05
      1.85600  0.000194785
      1.85500  9.64696e-05
      1.85400  9.86056e-05
      1.85300  0.000119440
      1.85200  0.000122715
      1.85100  0.000124252
      1.85000  9.16835e-05
      1.84900  0.000116239
      1.84800  0.000117936
      1.84700  0.000205881
      1.84600  0.000155448
      1.84500  0.000212272
      1.84400  0.000195606
      1.84300  0.000230942
      1.84200  0.000136713
      1.84100  0.000156622
      1.84000  0.000159161
      1.83900  0.000117168
      1.83800  0.000187733
      1.83700  0.000185268
      1.83600  0.000156088
      1.83500  0.000161252
      1.83400  0.000140287
      1.83300  0.000128274
      1.83200  0.000128968
      1.83100  8.92829e-05
      1.83000  0.000180883
      1.82900  0.000153890
      1.82800  0.000167515
      1.82700  0.000128189
      1.82600  0.000186495
      1.82500  0.000108248
      1.82400  6.99293e-05
      1.82300  0.000145131
      1.82200  0.000100628
      1.82100  0.000159801
      1.82000  6.66709e-05
      1.81900  0.000165104
      1.81800  0.000129352
      1.81700  0.000157870
      1.81600  0.000116741
      1.81500  0.000169009
      1.81400  6.85007e-05
      1.81300  0.000104855
      1.81200  0.000119451
      1.81100  0.000138484
      1.81000  7.51454e-05
      1.80900  0.000173916
      1.80800  0.000132840
      1.80700  0.000146230
      1.80600  0.000159534
      1.80500  0.000163151
      1.80400  0.000162746
      1.80300  0.000158777
      1.80200  8.91901e-05
      1.80100  0.000176904
      1.80000  0.000172167
      1.79900  0.000163770
      1.79800  0.000118587
      1.79700  0.000186655
      1.79600  0.000208697
      1.79500  0.000195329
      1.79400  0.000131005
      1.79300  0.000108206
      1.79200  9.71578e-05
      1.79100  0.000142411
      1.79000  0.000115226
      1.78900  0.000181929
      1.78800  7.96136e-05
      1.78700  0.000173095
      1.78600  0.000168368
      1.78500  0.000163791
      1.78400  8.85446e-05
      1.78300  0.000138015
      1.78200  0.000145814
      1.78100  0.000176829
      1.78000  0.000132606
      1.77900  0.000150871
      1.77800  0.000150476
      1.77700  0.000178056
      1.77600  0.000145771
      1.77500  0.000135913
      1.77400  0.000170993
      1.77300  0.000162949
      1.77200  0.000146550
      1.77100  0.000153720
      1.77000  0.000120283
      1.76900  0.000131357
      1.76800  0.000159844
      1.76700  0.000142485
      1.76600  0.000180798
      1.76500  0.000195809
      1.76400  0.000150690
      1.76300  0.000133385
      1.76200  0.000141930
      1.76100  0.000128018
      1.76000  8.45939e-05
      1.75900  0.000191499
      1.75800  9.28581e-05
      1.75700  0.000123164
      1.75600  0.000151661
      1.75500  0.000163514
      1.75400  0.000182718
      1.75300  0.000106294
      1.75200  0.000154360
      1.75100  0.000115397
      1.75000  0.000167419
      1.74900  0.000128519
      1.74800  0.000100913
      1.74700  0.000123238
      1.74600  0.000134099
      1.74500  0.000131635
      1.74400  0.000115354
      1.74300  0.000128509
      1.74200  0.000172732
      1.74100  0.000106872
      1.74000  0.000186698
      1.73900  0.000120059
      1.73800  8.47081e-05
      1.73700  0.000111417
      1.73600  0.000172476
      1.73500  7.16609e-05
      1.73400  0.000149239
      1.73300  0.000116207
      1.73200  0.000141674
      1.73100  0.000160143
      1.73000  6.15477e-05
      1.72900  0.000192384
      1.72800  0.000105363
      1.72700  0.000142283
      1.72600  0.000130269
      1.72500  0.000154616
      1.72400  0.000153026
      1.72300  8.48211e-05
      1.72200  0.000119312
      1.72100  0.000173511
      1.72000  0.000168838
      1.71900  0.000147478
      1.71800  0.000160207
      1.71700  0.000142101
      1.71600  0.000119931
      1.71500  0.000134089
      1.71400  0.000124871
      1.71300  0.000185802
      1.71200  0.000116559
      1.71100  0.000138250
      1.71000  0.000129000
      1.70900  0.000143019
      1.70800  0.000131187
      1.70700  6.71649e-05
      1.70600  0.000158339
      1.70500  0.000163215
      1.70400  0.000125831
      1.70300  0.000155213
      1.70200  0.000143542
      1.70100  9.24058e-05
      1.70000  0.000118320
      1.69900  0.000120731
      1.69800  0.000101380
      1.69700  0.000160633
      1.69600  0.000119696
      1.69500  0.000196535
      1.69400  0.000137972
      1.69300  0.000142026
      1.69200  0.000129778
      1.69100  9.18200e-05
      1.69000  0.000204697
      1.68900  0.000142603
      1.68800  0.000151266
      1.68700  0.000143019
      1.68600  0.000141770
      1.68500  0.000120198
      1.68400  0.000118949
      1.68300  0.000209636
      1.68200  0.000146956
      1.68100  7.85883e-05
      1.68000  0.000168336
      1.67900  0.000204921
      1.67800  0.000190976
      1.67700  0.000165157
      1.67600  0.000146785
      1.67500  0.000200536
      1.67400  0.000169425
      1.67300  0.000142507
      1.67200  0.000111086
      1.67100  0.000137545
      1.67000  0.000200824
      1.66900  0.000142677
      1.66800  0.000160196
      1.66700  0.000101073
      1.66600  8.67085e-05
      1.66500  0.000125959
      1.66400  0.000196812
      1.66300  8.91506e-05
      1.66200  8.33456e-05
      1.66100  0.000146283
      1.66000  0.000127293
      1.65900  0.000106494
      1.65800  0.000146849
      1.65700  0.000119963
      1.65600  0.000168987
      1.65500  0.000133673
      1.65400  0.000155288
      1.65300  8.37937e-05
      1.65200  0.000146881
      1.65100  0.000174183
      1.65000  0.000129224
      1.64900  0.000147350
      1.64800  0.000163301
      1.64700  0.000147564
      1.64600  0.000163983
      1.64500  0.000142955
      1.64400  0.000196716
      1.64300  0.000170043
      1.64200  0.000167814
      1.64100  0.000145419
      1.64000  0.000102061
      1.63900  0.000140117
      1.63800  0.000142528
      1.63700  0.000164912
      1.63600  0.000150178
      1.63500  9.82140e-05
      1.63400  0.000142304
      1.63300  0.000120315
      1.63200  0.000142208
      1.63100  0.000194881
      1.63000  0.000107085
      1.62900  0.000151991
      1.62800  0.000137407
      1.62700  0.000181566
      1.62600  0.000148471
      1.62500  0.000131902
      1.62400  0.000177960
      1.62300  0.000120304
      1.62200  0.000110990
      1.62100  0.000118363
      1.62000  0.000142517
      1.61900  0.000155459
      1.61800  0.000152162
      1.61700  0.000158009
      1.61600  9.24698e-05
      1.61500  0.000150903
      1.61400  0.000124369
      1.61300  0.000102462
      1.61200  0.000111502
      1.61100  0.000209636
      1.61000  0.000110873
      1.60900  0.000129277
      1.60800  0.000195841
      1.60700  0.000107587
      1.60600  0.000173020
      1.60500  0.000143029
      1.60400  0.000141365
      1.60300  0.000174268
      1.60200  8.44381e-05
      1.60100  0.000111278
      1.60000  0.000130461
      1.59900  0.000175346
      1.59800  0.000119152
      1.59700  0.000151330
      1.59600  0.000103378
      1.59500  0.000149676
      1.59400  0.000159449
      1.59300  0.000136639
      1.59200  0.000125063
      1.59100  0.000102125
      1.59000  9.19502e-05
      1.58900  0.000124881
      1.58800  0.000120006
      1.58700  0.000142827
      1.58600  0.000142453
      1.58500  0.000119461
      1.58400  0.000172999
      1.58300  0.000120294
      1.58200  0.000147084
      1.58100  0.000142091
      1.58000  0.000116421
      1.57900  0.000208527
      1.57800  0.000141280
      1.57700  0.000214736
      1.57600  0.000137375
      1.57500  0.000156824
      1.57400  0.000164432
      1.57300  0.000129320
      1.57200  7.70519e-05
      1.57100  0.000133417
      1.57000  0.000130696
      1.56900  0.000155544
      1.56800  9.80166e-05
      1.56700  0.000146657
      1.56600  0.000173426
      1.56500  0.000150914
      1.56400  0.000186719
      1.56300  9.38824e-05
      1.56200  8.39303e-05
      1.56100  0.000191520
      1.56000  0.000120251
      1.55900  0.000160495
      1.55800  0.000132670
      1.55700  0.000111940
      1.55600  0.000114180
      1.55500  0.000141333
      1.55400  0.000156323
      1.55300  0.000164581
      1.55200  0.000137343
      1.55100  0.000163141
      1.55000  0.000102051
      1.54900  0.000133321
      1.54800  0.000177544
      1.54700  9.24687e-05
      1.54600  0.000115066
      1.54500  0.000120102
      1.54400  0.000169158
      1.54300  0.000102538
      1.54200  0.000142187
      1.54100  8.43432e-05
      1.54000  0.000146700
      1.53900  0.000128680
      1.53800  8.42482e-05
      1.53700  0.000132766
      1.53600  0.000124263
      1.53500  0.000142400
      1.53400  0.000127975
      1.53300  0.000182964
      1.53200  0.000111140
      1.53100  0.000124657
      1.53000  0.000140661
      1.52900  0.000142453
      1.52800  0.000124060
      1.52700  0.000133961
      1.52600  0.000133000
      1.52500  9.68622e-05
      1.52400  8.76196e-05
      1.52300  8.39601e-05
      1.52200  0.000169638
      1.52100  0.000103611
      1.52000  0.000127143
      1.51900  0.000138346
      1.51800  0.000124166
      1.51700  0.000133054
      1.51600  0.000172743
      1.51500  0.000124561
      1.51400  0.000163535
      1.51300  8.42994e-05
      1.51200  0.000115642
      1.51100  9.35815e-05
      1.51000  0.000102118
      1.50900  0.000154584
      1.50800  0.000107117
      1.50700  0.000190155
      1.50600  0.000133054
      1.50500  0.000115236
      1.50400  0.000110627
      1.50300  0.000178077
      1.50200  0.000161167
      1.50100  0.000121147
      1.50000  0.000165008
      1.49900  0.000132360
      1.49800  0.000115290
      1.49700  0.000123516
      1.49600  0.000100213
      1.49500  0.000103014
      1.49400  0.000140629
      1.49300  0.000173127
      1.49200  0.000119131
      1.49100  0.000110862
      1.49000  7.48466e-05
      1.48900  0.000159481
      1.48800  0.000101743
      1.48700  0.000128509
      1.48600  0.000163951
      1.48500  0.000123942
      1.48400  0.000137151
      1.48300  0.000158489
      1.48200  0.000129181
      1.48100  5.72832e-05
      1.48000  0.000133075
      1.47900  0.000154168
      1.47800  0.000120838
      1.47700  0.000118320
      1.47600  0.000141568
      1.47500  0.000142720
      1.47400  0.000132403
      1.47300  0.000124529
      1.47200  0.000169649
      1.47100  0.000106893
      1.47000  0.000119045
      1.46900  0.000124124
      1.46800  5.68607e-05
      1.46700  0.000115386
      1.46600  0.000111364
      1.46500  0.000122940
      1.46400  0.000152333
      1.46300  0.000145483
      1.46200  0.000133598
      1.46100  0.000157902
      1.46000  0.000128583
      1.45900  0.000101577
      1.45800  0.000163578
      1.45700  0.000128477
      1.45600  0.000132424
      1.45500  0.000155502
      1.45400  0.000140960
      1.45300  0.000122865
      1.45200  0.000168742
      1.45100  0.000128103
      1.45000  0.000115407
      1.44900  0.000170854
      1.44800  0.000136212
      1.44700  0.000177725
      1.44600  0.000142517
      1.44500  5.72107e-05
      1.44400  0.000138122
      1.44300  0.000159300
      1.44200  8.07242e-05
      1.44100  0.000211695
      1.44000  0.000149217
      1.43900  0.000146113
      1.43800  0.000123782
      1.43700  8.83195e-05
      1.43600  0.000157923
      1.43500  0.000164741
      1.43400  0.000146902
      1.43300  0.000179165
      1.43200  0.000170588
      1.43100  6.22689e-05
      1.43000  0.000175197
      1.42900  0.000175101
      1.42800  0.000151447
      1.42700  0.000134772
      1.42600  0.000140117
      1.42500  0.000158670
      1.42400  0.000155843
      1.42300  0.000131080
      1.42200  0.000112292
      1.42100  0.000111332
      1.42000  6.68566e-05
      1.41900  0.000123868
      1.41800  9.67705e-05
      1.41700  0.000120998
      1.41600  0.000110115
      1.41500  0.000144022
      1.41400  0.000121659
      1.41300  9.02922e-05
      1.41200  0.000171388
      1.41100  0.000124561
      1.41000  0.000144747
      1.40900  0.000164293
      1.40800  0.000143936
      1.40700  0.000203096
      1.40600  0.000166192
      1.40500  0.000157603
      1.40400  0.000173756
      1.40300  0.000195276
      1.40200  0.000112164
      1.40100  0.000206724
      1.40000  0.000121894
      1.39900  0.000180222
      1.39800  0.000128466
      1.39700  9.43369e-05
      1.39600  0.000170918
      1.39500  0.000132904
      1.39400  0.000113060
      1.39300  0.000136831
      1.39200  0.000132627
      1.39100  0.000111470
      1.39000  0.000112687
      1.38900  0.000169233
      1.38800  0.000197164
      1.38700  0.000103300
      1.38600  0.000144608
      1.38500  0.000114756
      1.38400  0.000167803
      1.38300  0.000115727
      1.38200  0.000179454
      1.38100  0.000200706
      1.38000  0.000154605
      1.37900  0.000114586
      1.37800  9.22116e-05
      1.37700  9.22009e-05
      1.37600  0.000201656
      1.37500  6.06397e-05
      1.37400  0.000185663
      1.37300  0.000177373
      1.37200  0.000124743
      1.37100  0.000130493
      1.37000  0.000128178
      1.36900  0.000167451
      1.36800  8.08202e-05
      1.36700  0.000145899
      1.36600  0.000158926
      1.36500  8.53044e-05
      1.36400  0.000123910
      1.36300  0.000103879
      1.36200  0.000157678
      1.36100  0.000109838
      1.36000  8.15063e-05
      1.35900  0.000158147
      1.35800  0.000162682
      1.35700  0.000123804
      1.35600  0.000106632
      1.35500  8.93192e-05
      1.35400  0.000138676
      1.35300  0.000166107
      1.35200  0.000152375
      1.35100  0.000173191
      1.35000  0.000180158
      1.34900  0.000181342
      1.34800  0.000133641
      1.34700  0.000104691
      1.34600  0.000145547
      1.34500  0.000154925
      1.34400  0.000103014
      1.34300  0.000140063
      1.34200  0.000177021
      1.34100  0.000160057
      1.34000  0.000186367
      1.33900  0.000106260
      1.33800  0.000164101
      1.33700  0.000123622
      1.33600  7.54260e-05
      1.33500  0.000106497
      1.33400  0.000119600
      1.33300  0.000138186
      1.33200  0.000173095
      1.33100  0.000141674
      1.33000  0.000137097
      1.32900  0.000164207
      1.32800  0.000168913
      1.32700  0.000124679
      1.32600  0.000141888
      1.32500  7.59018e-05
      1.32400  5.27788e-05
      1.32300  0.000160377
      1.32200  0.000186922
      1.32100  0.000160409
      1.32000  0.000172316
      1.31900  0.000133171
      1.31800  0.000147894
      1.31700  0.000150636
      1.31600  0.000159876
      1.31500  0.000146497
      1.31400  0.000276787
      1.31300  0.000106408
      1.31200  0.000201133
      1.31100  0.000173148
      1.31000  0.000105061
      1.30900  0.000103786
      1.30800  8.79344e-05
      1.30700  0.000152589
      1.30600  9.39026e-05
      1.30500  8.89447e-05
      1.30400  0.000138303
      1.30300  8.43400e-05
      1.30200  0.000155651
      1.30100  9.40445e-05
      1.30000  0.000154723
      1.29900  0.000116751
      1.29800  0.000151117
      1.29700  0.000120656
      1.29600  0.000116805
      1.29500  0.000120198
      1.29400  0.000121297
      1.29300  0.000118907
      1.29200  0.000181417
      1.29100  0.000106744
      1.29000  0.000182964
      1.28900  0.000194433
      1.28800  0.000145579
      1.28700  0.000151202
      1.28600  0.000165018
      1.28500  0.000168507
      1.28400  0.000153208
      1.28300  9.39389e-05
      1.28200  0.000211119
      1.28100  0.000119173
      1.28000  0.000142016
      1.27900  0.000155790
      1.27800  0.000188544
      1.27700  0.000150060
      1.27600  9.48468e-05
      1.27500  0.000165050
      1.27400  0.000116261
      1.27300  0.000152034
      1.27200  0.000116165
      1.27100  5.85155e-05
      1.27000  0.000120016
      1.26900  0.000134078
      1.26800  0.000166149
      1.26700  0.000155459
      1.26600  0.000143702
      1.26500  0.000150882
      1.26400  0.000138986
      1.26300  0.000101784
      1.26200  0.000112046
      1.26100  0.000147905
      1.26000  0.000102458
      1.25900  0.000148353
      1.25800  0.000120827
      1.25700  0.000102720
      1.25600  0.000183540
      1.25500  0.000156504
      1.25400  3.11803e-05
      1.25300  0.000138740
      1.25200  0.000120806
      1.25100  0.000152482
      1.25000  0.000139167
      1.24900  0.000156888
      1.24800  0.000161369
      1.24700  9.84263e-05
      1.24600  0.000170203
      1.24500  0.000183593
      1.24400  0.000156707
      1.24300  0.000121019
      1.24200  0.000152589
      1.24100  0.000170492
      1.24000  0.000183945
      1.23900  0.000103239
      1.23800  0.000179507
      1.23700  0.000103248
      1.23600  0.000170534
      1.23500  0.000112217
      1.23400  0.000125660
      1.23300  0.000125276
      1.23200  0.000121040
      1.23100  0.000112046
      1.23000  9.40499e-05
      1.22900  0.000152482
      1.22800  0.000156974
      1.22700  0.000161487
      1.22600  0.000125585
      1.22500  0.000188469
      1.22400  0.000121115
      1.22300  0.000116602
      1.22200  0.000112142
      1.22100  0.000188554
      1.22000  0.000134633
      1.21900  0.000161690
      1.21800  0.000179635
      1.21700  0.000125756
      1.21600  0.000112260
      1.21500  0.000184340
      1.21400  0.000103230
      1.21300  9.93972e-05
      1.21200  0.000162074
      1.21100  0.000157305
      1.21000  0.000121542
      1.20900  0.000148641
      1.20800  9.91635e-05
      1.20700  0.000103690
      1.20600  0.000126311
      1.20500  0.000144171
      1.20400  8.12374e-05
      1.20300  0.000117296
      1.20200  0.000112825
      1.20100  0.000125052
      1.20000  0.000152749
      1.19900  0.000144896
      1.19800  0.000120624
      1.19700  0.000143776
      1.19600  8.51103e-05
      1.19500  0.000152749
      1.19400  0.000112537
      1.19300  0.000152952
      1.19200  8.99679e-05
      1.19100  0.000112260
      1.19000  0.000125799
      1.18900  0.000153389
      1.18800  0.000139690
      1.18700  0.000125735
      1.18600  0.000139711
      1.18500  0.000192971
      1.18400  6.77186e-05
      1.18300  0.000107587
      1.18200  0.000140159
      1.18100  0.000143317
      1.18000  0.000180318
      1.17900  0.000229918
      1.17800  0.000180296
      1.17700  0.000112655
      1.17600  0.000184671
      1.17500  0.000130621
      1.17400  0.000175666
      1.17300  0.000162106
      1.17200  0.000157593
      1.17100  0.000130589
      1.17000  0.000135049
      1.16900  0.000153016
      1.16800  0.000148535
      1.16700  0.000157123
      1.16600  0.000126642
      1.16500  0.000130269
      1.16400  0.000130472
      1.16300  0.000107982
      1.16200  0.000139594
      1.16100  0.000153144
      1.16000  0.000126119
      1.15900  0.000103679
      1.15800  0.000158297
      1.15700  0.000207118
      1.15600  0.000130899
      1.15500  0.000113252
      1.15400  0.000152866
      1.15300  0.000134836
      1.15200  0.000116453
      1.15100  8.62113e-05
      1.15000  0.000117189
      1.14900  0.000149164
      1.14800  0.000121606
      1.14700  0.000206329
      1.14600  0.000135081
      1.14500  0.000166811
      1.14400  0.000180211
      1.14300  0.000161935
      1.14200  0.000104094
      1.14100  9.50496e-05
      1.14000  0.000178547
      1.13900  8.54506e-05
      1.13800  9.08193e-05
      1.13700  0.000116335
      1.13600  0.000161967
      1.13500  0.000150636
      1.13400  0.000107533
      1.13300  0.000134729
      1.13200  0.000139103
      1.13100  0.000153442
      1.13000  0.000149409
      1.12900  0.000157347
      1.12800  0.000153122
      1.12700  0.000126290
      1.12600  0.000108451
      1.12500  0.000188256
      1.12400  0.000149089
      1.12300  5.32845e-05
      1.12200  0.000104216
      1.12100  0.000129768
      1.12000  0.000115290
      1.11900  0.000108568
      1.11800  4.62994e-05
      1.11700  0.000166928
      1.11600  0.000144011
      1.11500  0.000124977
      1.11400  0.000134921
      1.11300  0.000120870
      1.11200  0.000130536
      1.11100  0.000103324
      1.11000  0.000115535
      1.10900  0.000136831
      1.10800  0.000127261
      1.10700  0.000135764
      1.10600  0.000167590
      1.10500  0.000156163
      1.10400  0.000115546
      1.10300  0.000140223
      1.10200  0.000178685
      1.10100  7.69026e-05
      1.10000  0.000154189
      1.09900  0.000174098
      1.09800  0.000108526
      1.09700  0.000115525
      1.09600  0.000193771
      1.09500  0.000161690
      1.09400  0.000175602
      1.09300  0.000148449
      1.09200  0.000121670
      1.09100  7.96669e-05
      1.09000  0.000156963
      1.08900  0.000131016
      1.08800  8.18903e-05
      1.08700  0.000138164
      1.08600  6.74893e-05
      1.08500  0.000134644
      1.08400  0.000108515
      1.08300  0.000137919
      1.08200  0.000153389
      1.08100  0.000160804
      1.08000  0.000167269
      1.07900  9.03317e-05
      1.07800  0.000162170
      1.07700  0.000134185
      1.07600  9.66894e-05
      1.07500  0.000134526
      1.07400  0.000181705
      1.07300  0.000159225
      1.07200  0.000189066
      1.07100  9.85789e-05
      1.07000  0.000139253
      1.06900  0.000116410
      1.06800  0.000184276
      1.06700  0.000106464
      1.06600  0.000112292
      1.06500  0.000166800
      1.06400  0.000139605
      1.06300  0.000129021
      1.06200  0.000184788
      1.06100  0.000160303
      1.06000  0.000159012
      1.05900  0.000125180
      1.05800  0.000142848
      1.05700  0.000145505
      1.05600  0.000129512
      1.05500  0.000111236
      1.05400  0.000145057
      1.05300  0.000147606
      1.05200  0.000135017
      1.05100  0.000129842
      1.05000  0.000147980
      1.04900  0.000143136
      1.04800  0.000148545
      1.04700  0.000187146
      1.04600  0.000117712
      1.04500  0.000159897
      1.04400  9.71354e-05
      1.04300  0.000161327
      1.04200  0.000147660
      1.04100  0.000141237
      1.04000  0.000125361
      1.03900  0.000161369
      1.03800  0.000125735
      1.03700  0.000130034
      1.03600  0.000133971
      1.03500  0.000111865
      1.03400  0.000148236
      1.03300  0.000170801
      1.03200  0.000127847
      1.03100  0.000161700
      1.03000  0.000167344
      1.02900  0.000120603
      1.02800  0.000175570
      1.02700  0.000111236
      1.02600  0.000112014
      1.02500  0.000153954
      1.02400  0.000134814
      1.02300  0.000233567
      1.02200  9.64088e-05
      1.02100  0.000152183
      1.02000  0.000141408
      1.01900  0.000181534
      1.01800  0.000113305
      1.01700  0.000135124
      1.01600  0.000112751
      1.01500  0.000139157
      1.01400  0.000104284
      1.01300  0.000114490
      1.01200  9.64312e-05
      1.01100  0.000134099
      1.01000  9.60791e-05
      1.00900  0.000133214
      1.00800  0.000175837
      1.00700  0.000206094
      1.00600  0.000157337
      1.00500  0.000167675
      1.00400  0.000134665
      1.00300  0.000120710
      1.00200  0.000135849
      1.00100  5.88409e-05
      1.00000  0.000140554
     0.999000  0.000189045
     0.998000  0.000121457
     0.997000  7.33636e-05
     0.996000  7.67713e-05
     0.995000  0.000139167
     0.994000  0.000135049
     0.993000  0.000172231
     0.992000  0.000126866
     0.991000  0.000108163
     0.990000  0.000135828
     0.989000  0.000193985
     0.988000  0.000197356
     0.987000  0.000110787
     0.986000  0.000108547
     0.985000  0.000149303
     0.984000  0.000162906
     0.983000  9.95914e-05
     0.982000  0.000171836
     0.981000  9.88915e-05
     0.980000  5.97499e-05
     0.979000  0.000130515
     0.978000  0.000144107
     0.977000  0.000136351
     0.976000  0.000108600
     0.975000  0.000122097
     0.974000  0.000108483
     0.973000  0.000153794
     0.972000  0.000167899
     0.971000  0.000130419
     0.970000  0.000173426
     0.969000  0.000188341
     0.968000  0.000125212
     0.967000  0.000143894
     0.966000  0.000146081
     0.965000  0.000173351
     0.964000  0.000109294
     0.963000  0.000149068
     0.962000  0.000170481
     0.961000  0.000124231
     0.960000  0.000122769
     0.959000  0.000121606
     0.958000  0.000150658
     0.957000  0.000112292
     0.956000  0.000175847
     0.955000  0.000148759
     0.954000  0.000137172
     0.953000  0.000119088
     0.952000  0.000132723
     0.951000  0.000107960
     0.950000  0.000188042
     0.949000  0.000131923
     0.948000  0.000114543
     0.947000  0.000140757
     0.946000  0.000155758
     0.945000  8.24590e-05
     0.944000  0.000154819
     0.943000  9.96319e-05
     0.942000  0.000127442
     0.941000  0.000118288
     0.940000  0.000141866
     0.939000  0.000164026
     0.938000  0.000146347
     0.937000  0.000136383
     0.936000  0.000137215
     0.935000  0.000116303
     0.934000  0.000139967
     0.933000  0.000157379
     0.932000  9.32305e-05
     0.931000  0.000195489
     0.930000  0.000174716
     0.929000  0.000171814
     0.928000  7.38448e-05
     0.927000  0.000132510
     0.926000  0.000160399
     0.925000  0.000163781
     0.924000  0.000109678
     0.923000  0.000155171
     0.922000  6.88421e-05
     0.921000  0.000164250
     0.920000  8.76474e-05
     0.919000  0.000154467
     0.918000  0.000161113
     0.917000  0.000160857
     0.916000  0.000143488
     0.915000  0.000123324
     0.914000  0.000161209
     0.913000  0.000160665
     0.912000  0.000149111
     0.911000  0.000116431
     0.910000  0.000184383
     0.909000  0.000114863
     0.908000  0.000206702
     0.907000  0.000123313
     0.906000  0.000199255
     0.905000  0.000154488
     0.904000  0.000144566
     0.903000  0.000183060
     0.902000  0.000122011
     0.901000  0.000122609
     0.900000  0.000129586
     0.899000  0.000105687
     0.898000  9.57793e-05
     0.897000  0.000106776
     0.896000  0.000139498
     0.895000  9.06720e-05
     0.894000  0.000177202
     0.893000  0.000151266
     0.892000  0.000103609
     0.891000  8.68141e-05
     0.890000  0.000162639
     0.889000  0.000109891
     0.888000  0.000134654
     0.887000  0.000101171
     0.886000  0.000177320
     0.885000  0.000150754
     0.884000  6.96369e-05
     0.883000  0.000159929
     0.882000  0.000133961
     0.881000  0.000136062
     0.880000  6.09555e-05
     0.879000  0.000161156
     0.878000  0.000163269
     0.877000  0.000209732
     0.876000  0.000102706
     0.875000  0.000114724
     0.874000  0.000177330
     0.873000  0.000201645
     0.872000  0.000134932
     0.871000  0.000114138
     0.870000  0.000152781
     0.869000  0.000141472
     0.868000  0.000144779
     0.867000  0.000196471
     0.866000  0.000144171
     0.865000  0.000145366
     0.864000  0.000139103
     0.863000  0.000174034
     0.862000  8.89031e-05
     0.861000  0.000127004
     0.860000  0.000194348
     0.859000  0.000132104
     0.858000  7.42609e-05
     0.857000  0.000150050
     0.856000  0.000113273
     0.855000  0.000131539
     0.854000  0.000124711
     0.853000  0.000169169
     0.852000  0.000128455
     0.851000  0.000123708
     0.850000  0.000147201
     0.849000  0.000126396
     0.848000  0.000107171
     0.847000  5.45530e-05
     0.846000  0.000161988
     0.845000  0.000117882
     0.844000  0.000179688
     0.843000  0.000161850
     0.842000  0.000166853
     0.841000  0.000144459
     0.840000  0.000160964
     0.839000  0.000148929
     0.838000  0.000148663
     0.837000  0.000149345
     0.836000  0.000117925
     0.835000  9.05301e-05
     0.834000  0.000100902
     0.833000  8.75247e-05
     0.832000  0.000151799
     0.831000  0.000128221
     0.830000  0.000140757
     0.829000  0.000161903
     0.828000  0.000139327
     0.827000  0.000120496
     0.826000  0.000140245
     0.825000  6.02887e-05
     0.824000  0.000150807
     0.823000  0.000126727
     0.822000  0.000155299
     0.821000  0.000168859
     0.820000  0.000127463
     0.819000  0.000125159
     0.818000  0.000115236
     0.817000  0.000244407
     0.816000  7.25080e-05
     0.815000  0.000113978
     0.814000  0.000160111
     0.813000  0.000120848
     0.812000  0.000145057
     0.811000  0.000127794
     0.810000  0.000149740
     0.809000  9.96885e-05
     0.808000  0.000141130
     0.807000  0.000131934
     0.806000  0.000137129
     0.805000  0.000140095
     0.804000  0.000118320
     0.803000  0.000219719
     0.802000  9.17464e-05
     0.801000  0.000196012
     0.800000  0.000129128
     0.799     0.0
