#from RSR-W1.txt
# Relative Spectral Response per photon; Wright et al. 2010
      2.52999   0.0
      2.53000  7.86542e-06
      2.54000  5.18754e-07
      2.55000  2.83587e-07
      2.56000  3.09161e-07
      2.57000  1.02751e-05
      2.58000  7.21528e-06
      2.59000  4.70107e-06
      2.60000  3.17459e-06
      2.61000  0.000477154
      2.62000   0.00156740
      2.63000   0.00122982
      2.64000  0.000989884
      2.65000   0.00107604
      2.66000   0.00115367
      2.67000   0.00137077
      2.68000  0.000439759
      2.69000  0.000668902
      2.70000   0.00105490
      2.71000    0.0112094
      2.72000   0.00988975
      2.73000   0.00586952
      2.74000   0.00436349
      2.75000   0.00936349
      2.76000    0.0173335
      2.77000    0.0295863
      2.78000    0.0565924
      2.79000     0.110855
      2.80000     0.193339
      2.81000     0.284951
      2.82000     0.350080
      2.83000     0.377358
      2.84000     0.372812
      2.85000     0.359173
      2.86000     0.343260
      2.87000     0.325074
      2.88000     0.308138
      2.89000     0.305865
      2.90000     0.319504
      2.91000     0.345647
      2.92000     0.375426
      2.93000     0.401228
      2.94000     0.422596
      2.95000     0.440668
      2.96000     0.456922
      2.97000     0.475108
      2.98000     0.492157
      2.99000     0.503524
      3.00000     0.506933
      3.01000     0.510343
      3.02000     0.513753
      3.03000     0.511480
      3.04000     0.501250
      3.05000     0.488747
      3.06000     0.471698
      3.07000     0.453512
      3.08000     0.431916
      3.09000     0.413730
      3.10000     0.403501
      3.11000     0.411457
      3.12000     0.441009
      3.13000     0.486474
      3.14000     0.528529
      3.15000     0.560355
      3.16000     0.581950
      3.17000     0.597863
      3.18000     0.611503
      3.19000     0.624005
      3.20000     0.634235
      3.21000     0.639918
      3.22000     0.645601
      3.23000     0.649011
      3.24000     0.651284
      3.25000     0.645601
      3.26000     0.638781
      3.27000     0.634235
      3.28000     0.636508
      3.29000     0.653558
      3.30000     0.688793
      3.31000     0.735394
      3.32000     0.784269
      3.33000     0.827461
      3.34000     0.857013
      3.35000     0.872812
      3.36000     0.870539
      3.37000     0.853489
      3.38000     0.834167
      3.39000     0.811548
      3.40000     0.787679
      3.41000     0.774040
      3.42000     0.788816
      3.43000     0.833144
      3.44000     0.893271
      3.45000     0.947829
      3.46000     0.981928
      3.47000     0.997840
      3.48000      1.00000
      3.49000     0.995453
      3.50000     0.992044
      3.51000     0.988747
      3.52000     0.985338
      3.53000     0.982041
      3.54000     0.971812
      3.55000     0.955899
      3.56000     0.935440
      3.57000     0.912707
      3.58000     0.889975
      3.59000     0.875199
      3.60000     0.870652
      3.61000     0.880882
      3.62000     0.900205
      3.63000     0.918391
      3.64000     0.927483
      3.65000     0.929757
      3.66000     0.927483
      3.67000     0.925210
      3.68000     0.921800
      3.69000     0.918391
      3.70000     0.915094
      3.71000     0.913958
      3.72000     0.911684
      3.73000     0.902591
      3.74000     0.874176
      3.75000     0.820868
      3.76000     0.739145
      3.77000     0.630370
      3.78000     0.504546
      3.79000     0.373949
      3.80000     0.258127
      3.81000     0.169243
      3.82000     0.105388
      3.83000    0.0643328
      3.84000    0.0395544
      3.85000    0.0249489
      3.86000    0.0158672
      3.87000   0.00990566
      3.88000   0.00606388
      3.89000   0.00428620
      3.90000   0.00355535
      3.91000   0.00279382
      3.92000   0.00211412
      3.93000   0.00199704
      3.94000   0.00160036
      3.95000   0.00133212
      3.96000  0.000996704
      3.97000  0.000574562
      3.98000  0.000309957
      3.99000  3.73380e-05
      4.00000  8.72812e-05
      4.01000  3.81564e-05
      4.02000  2.52785e-05
      4.03000  1.16731e-05
      4.04000  6.46283e-06
      4.05000  4.37031e-06
      4.06000  1.06979e-05
      4.07000  1.00227e-06
      4.08000  7.11866e-06
      4.09000  6.52989e-06
      4.10000  1.25142e-06
      4.11000  2.85974e-06
      4.12000  7.23346e-07
      4.13000  5.75017e-07
      4.14000  3.05638e-06
      4.15000  2.50966e-05
      4.16000  4.42601e-05
      4.17000  5.30348e-05
      4.18000  4.16913e-05
      4.19000  3.05297e-05
      4.20000  2.92112e-07
      4.21000  2.66765e-07
      4.22000  2.37440e-07
      4.23000  2.04137e-07
      4.24000  1.69470e-07
      4.25000  1.25710e-06
      4.26000  1.03842e-07
      4.27000  8.26438e-07
      4.28000  5.52626e-07
      4.29000  4.29870e-07
      4.30000  2.65401e-08
      4.31000  1.79586e-08
      4.32000  1.19800e-08
      4.33000  1.74130e-07
      4.34000  5.10684e-09
      4.35000  3.23369e-09
      4.36000  2.07661e-09
      4.37000  3.22914e-08
      4.38000  9.09639e-10
      4.39000  6.71175e-10
      4.40000  4.97272e-10
      4.41000  1.05092e-08
      4.42000  2.83814e-10
      4.43000  2.07547e-10
      4.44000  1.52876e-10
      4.45000  1.60036e-09
      4.46000  1.52648e-09
      4.47000  5.76381e-11
      4.48000  3.84406e-11
      4.49000  3.02455e-11
      4.50000  2.00841e-11
      4.51000  1.14571e-11
      4.52000  3.41782e-10
      4.53000  6.41509e-12
      4.54000  5.42964e-12
      4.55000  3.42464e-12
      4.56000  1.45374e-07
      4.57000  1.12401e-07
      4.58000  3.24619e-07
      4.59000  1.56513e-07
      4.60000  1.26733e-07
      4.61000  1.12207e-07
      4.62000  3.75426e-07
      4.63000  1.23664e-07
      4.64000  3.89066e-07
      4.65000  1.78904e-07
      4.66000  2.21641e-07
      4.67000  4.36917e-07
      4.68000  1.15140e-07
      4.69000  1.98909e-07
      4.70000  4.57263e-07
      4.71000  1.27984e-09
      4.72000  1.79359e-09
      4.73000  1.24687e-09
      4.74000  4.24642e-10
      4.75000  4.98295e-09
      4.76000  2.85406e-09
      4.77000  8.48261e-10
      4.78000  1.55035e-10
      4.79000  4.30666e-10
      4.80000  5.54217e-09
      4.81000  1.36736e-10
      4.82000  1.62537e-10
      4.83000  1.04762e-12
      4.84000  5.14321e-11
      4.85000  1.25256e-09
      4.86000  3.86906e-09
      4.87000  1.00273e-09
      4.88000  1.09411e-11
      4.89000  1.37531e-09
      4.90000  3.23937e-09
      4.91000  3.57240e-13
      4.92000  1.18322e-10
      4.93000  2.85633e-09
      4.94000  4.87384e-09
      4.95000  2.10957e-09
      4.96000  1.06456e-08
      4.97000  1.13583e-08
      4.98000  1.00807e-08
      4.99000  2.49261e-08
      5.00000  4.69425e-08
      5.01000  3.41328e-08
      5.02000  2.67902e-08
      5.03000  2.11753e-08
      5.04000  1.82996e-08
      5.05000  1.90271e-08
      5.06000  1.92430e-08
      5.07000  1.99023e-08
      5.08000  2.05956e-08
      5.09000  2.07093e-08
      5.10000  1.96977e-08
      5.11000  2.02432e-08
      5.12000  1.97431e-08
      5.13000  2.04592e-08
      5.14000  2.05047e-08
      5.15000  1.98000e-08
      5.16000  1.90498e-08
      5.17000  1.86747e-08
      5.18000  1.84019e-08
      5.19000  1.82200e-08
      5.20000  1.81178e-08
      5.21000  1.75835e-08
      5.22000  1.84133e-08
      5.23000  1.88225e-08
      5.24000  1.87202e-08
      5.25000  2.03228e-08
      5.26000  2.20050e-08
      5.27000  2.30393e-08
      5.28000  2.36190e-08
      5.29000  2.50625e-08
      5.30000  2.57900e-08
      5.31000  2.70516e-08
      5.32000  2.95522e-08
      5.33000  3.00182e-08
      5.34000  2.74153e-08
      5.35000  2.85974e-08
      5.36000  3.00068e-08
      5.37000  2.91316e-08
      5.38000  2.81541e-08
      5.39000  2.95749e-08
      5.40000  2.96317e-08
      5.41000  2.94158e-08
      5.42000  2.93362e-08
      5.43000  2.91657e-08
      5.44000  2.37213e-08
      5.45000  2.70857e-08
      5.46000  2.94271e-08
      5.47000  2.90066e-08
      5.48000  2.80973e-08
      5.49000  2.93817e-08
      5.50000  2.81314e-08
      5.51000  2.68697e-08
      5.52000  2.57786e-08
      5.53000  2.43919e-08
      5.54000  2.28575e-08
      5.55000  2.19141e-08
      5.56000  2.01864e-08
      5.57000  1.80723e-08
      5.58000  1.70493e-08
      5.59000  1.54808e-08
      5.60000  1.39691e-08
      5.61000  1.27529e-08
      5.62000  1.21391e-08
      5.63000  1.05967e-08
      5.64000  1.00057e-08
      5.65000  8.49852e-09
      5.66000  8.03251e-09
      5.67000  7.12776e-09
      5.68000  5.49102e-09
      5.69000  4.82951e-09
      5.70000  3.84633e-09
      5.71000  2.95749e-09
      5.72000  3.10866e-09
      5.73000  2.88816e-09
      5.74000  3.19845e-09
      5.75000  3.52807e-09
      5.76000  4.18050e-09
      5.77000  4.98068e-09
      5.78000  5.50807e-09
      5.79000  5.88429e-09
      5.80000  6.54012e-09
      5.81000  7.10730e-09
      5.82000  8.32803e-09
      5.83000  8.52239e-09
      5.84000  9.37258e-09
      5.85000  1.03342e-08
      5.86000  1.08252e-08
      5.87000  1.12992e-08
      5.88000  1.26051e-08
      5.89000  1.32985e-08
      5.90000  1.33667e-08
      5.91000  1.38782e-08
      5.92000  1.43555e-08
      5.93000  1.60036e-08
      5.94000  1.56399e-08
      5.95000  1.64128e-08
      5.96000  1.66174e-08
      5.97000  1.77881e-08
      5.98000  1.76063e-08
      5.99000  1.77654e-08
      6.00000  1.87770e-08
      6.01000  1.80609e-08
      6.02000  1.81405e-08
      6.03000  1.80155e-08
      6.04000  1.76858e-08
      6.05000  1.85497e-08
      6.06000  1.67993e-08
      6.07000  1.65379e-08
      6.08000  1.64924e-08
      6.09000  1.63333e-08
      6.10000  1.67197e-08
      6.11000  1.65151e-08
      6.12000  1.66856e-08
      6.13000  1.73449e-08
      6.14000  1.89134e-08
      6.15000  2.03910e-08
      6.16000  2.35735e-08
      6.17000  2.29484e-08
      6.18000  2.37668e-08
      6.19000  2.71653e-08
      6.20000  2.65742e-08
      6.21000  3.70084e-08
      6.22000  4.06683e-08
      6.23000  4.67379e-08
      6.24000  6.58672e-08
      6.25000  8.97363e-08
      6.26000  1.22642e-07
      6.27000  1.57422e-07
      6.28000  1.97318e-07
      6.29000  2.30621e-07
      6.30000  2.50398e-07
      6.31000  1.23210e-07
      6.32000  3.56558e-07
      6.33000  3.35303e-07
      6.34000  2.94385e-07
      6.35000  2.74267e-07
      6.36000  2.85860e-08
      6.37000  2.31644e-08
      6.38000  3.80655e-08
      6.39000  2.12662e-07
      6.40000  1.91066e-07
      6.41000  3.79518e-07
      6.42000  3.64856e-07
      6.43000  2.59945e-07
      6.44000  3.35076e-07
      6.45000  3.27574e-07
      6.46000  2.54717e-07
      6.47000  3.13026e-07
      6.48000  1.12798e-07
      6.49000  3.10866e-07
      6.50000  2.70061e-07
      6.50001  0.0
