       915.000   1.76183e-21
       925.000   1.37402e-20
       935.000   2.44286e-20
       945.000   4.22365e-20
       955.000   6.03286e-20
       965.000   7.96293e-20
       975.000   6.73536e-20
       985.000   1.23620e-19
       995.000   1.44427e-19
       1005.00   1.81151e-19
       1015.00   1.96162e-19
       1025.00   1.49537e-19
       1035.00   2.83091e-19
       1045.00   3.79463e-19
       1055.00   4.54767e-19
       1065.00   5.32937e-19
       1075.00   6.42750e-19
       1085.00   7.62755e-19
       1095.00   8.75349e-19
       1105.00   1.44398e-18
       1115.00   2.58011e-18
       1125.00   3.08657e-18
       1135.00   3.81245e-18
       1145.00   4.15345e-18
       1155.00   4.15600e-18
       1165.00   4.60976e-18
       1175.00   4.58721e-18
       1185.00   5.42898e-18
       1195.00   2.97785e-18
       1205.00   1.88980e-18
       1215.00   4.83398e-19
       1225.00   2.09934e-18
       1235.00   4.98939e-18
       1245.00   6.56561e-18
       1255.00   1.05004e-17
       1265.00   1.33957e-17
       1275.00   1.74546e-17
       1285.00   2.71994e-17
       1295.00   3.92202e-17
       1305.00   6.16172e-17
       1315.00   1.02398e-16
       1325.00   1.60925e-16
       1335.00   2.42951e-16
       1345.00   3.62192e-16
       1355.00   4.28908e-16
       1365.00   5.34054e-16
       1375.00   5.08786e-16
       1385.00   4.11859e-16
       1395.00   4.26846e-16
       1405.00   7.85577e-16
       1415.00   1.45057e-15
       1425.00   1.63912e-15
       1435.00   1.65801e-15
       1442.00   2.15439e-15
       1447.00   1.89323e-15
       1455.00   2.31015e-15
       1465.00   2.03238e-15
       1475.00   2.19591e-15
       1485.00   2.39261e-15
       1495.00   2.56282e-15
       1505.00   2.84514e-15
       1512.00   2.78728e-15
       1517.00   2.58447e-15
       1525.00   2.64959e-15
       1535.00   2.94603e-15
       1545.00   2.67836e-15
       1555.00   2.27127e-15
       1565.00   1.56225e-15
       1575.00   1.69456e-15
       1585.00   1.60709e-15
       1595.00   1.48213e-15
       1605.00   1.51698e-15
       1615.00   2.46679e-15
       1625.00   4.15723e-15
       1635.00   6.82849e-15
       1645.00   1.14909e-14
       1655.00   1.02387e-14
       1665.00   1.70292e-14
       1672.00   1.43752e-14
       1677.00   1.81714e-14
       1685.00   2.08215e-14
       1695.00   1.98298e-14
       1705.00   2.06038e-14
       1715.00   2.26742e-14
       1725.00   2.26539e-14
       1735.00   2.45180e-14
       1745.00   2.38625e-14
       1755.00   2.57292e-14
       1765.00   2.24456e-14
       1775.00   2.51970e-14
       1785.00   2.54157e-14
       1795.00   2.73879e-14
       1805.00   2.60566e-14
       1815.00   2.61856e-14
       1825.00   2.49580e-14
       1835.00   2.57425e-14
       1845.00   2.37771e-14
       1855.00   2.49132e-14
       1865.00   2.57290e-14
       1875.00   2.59832e-14
       1885.00   2.61192e-14
       1895.00   2.64650e-14
       1905.00   2.53718e-14
       1915.00   2.65943e-14
       1925.00   2.71495e-14
       1935.00   2.56111e-14
       1945.00   2.77132e-14
       1955.00   2.75158e-14
       1967.00   2.82168e-14
       1976.00   2.72574e-14
       1984.00   2.70191e-14
       1995.00   2.67050e-14
       2005.00   2.58242e-14
       2015.00   2.58406e-14
       2025.00   2.45885e-14
       2035.00   2.63460e-14
       2045.00   2.70571e-14
       2055.00   2.62185e-14
       2065.00   2.59017e-14
       2074.00   2.72759e-14
       2078.00   2.74246e-14
       2085.00   2.71212e-14
       2095.00   2.63280e-14
       2105.00   2.58899e-14
       2115.00   2.61570e-14
       2125.00   2.64134e-14
       2135.00   2.37806e-14
       2145.00   2.58879e-14
       2155.00   2.56460e-14
       2165.00   2.46258e-14
       2175.00   2.45435e-14
       2185.00   2.51693e-14
       2195.00   2.64744e-14
       2205.00   2.56637e-14
       2215.00   2.41268e-14
       2225.00   2.46605e-14
       2235.00   2.68140e-14
       2245.00   2.50407e-14
       2255.00   2.43338e-14
       2265.00   2.39284e-14
       2275.00   2.55574e-14
       2285.00   2.61251e-14
       2295.00   2.47799e-14
       2305.00   2.53005e-14
       2315.00   2.53590e-14
       2325.00   2.53837e-14
       2335.00   2.51751e-14
       2345.00   2.30560e-14
       2355.00   2.58520e-14
       2365.00   2.38097e-14
       2375.00   2.51514e-14
       2385.00   2.24465e-14
       2395.00   2.44029e-14
       2405.00   2.39048e-14
       2415.00   2.41674e-14
       2425.00   2.54946e-14
       2435.00   2.46834e-14
       2445.00   2.57012e-14
       2455.00   2.52540e-14
       2465.00   2.51106e-14
       2475.00   2.42055e-14
       2485.00   2.49496e-14
       2495.00   2.44240e-14
       2505.00   2.64896e-14
       2513.00   2.47460e-14
       2518.00   2.46677e-14
       2525.00   2.34043e-14
       2535.00   2.31469e-14
       2545.00   2.31172e-14
       2555.00   2.47782e-14
       2565.00   2.49034e-14
       2575.00   2.62418e-14
       2585.00   2.64863e-14
       2595.00   2.64762e-14
       2605.00   2.56165e-14
       2615.00   2.52720e-14
       2625.00   2.63304e-14
       2635.00   2.65073e-14
       2645.00   2.86447e-14
       2655.00   2.85626e-14
       2665.00   2.71625e-14
       2675.00   2.78390e-14
       2685.00   2.83245e-14
       2695.00   2.71055e-14
       2705.00   2.73318e-14
       2715.00   2.63294e-14
       2725.00   2.64341e-14
       2735.00   2.75891e-14
       2745.00   2.48925e-14
       2755.00   2.54422e-14
       2765.00   2.64704e-14
       2775.00   2.74882e-14
       2785.00   2.71254e-14
       2795.00   2.23117e-14
       2805.00   2.43657e-14
       2815.00   2.83883e-14
       2825.00   2.81546e-14
       2835.00   2.75501e-14
       2845.00   2.69927e-14
       2855.00   2.61003e-14
       2865.00   2.72061e-14
       2875.00   2.68867e-14
       2885.00   2.74992e-14
       2895.00   2.72507e-14
       2910.00   2.85672e-14
       2930.00   2.78177e-14
       2950.00   2.76456e-14
       2970.00   2.78154e-14
       2990.00   2.78949e-14
       3010.00   2.80470e-14
       3030.00   2.80598e-14
       3050.00   2.80007e-14
       3070.00   2.78979e-14
       3090.00   2.80321e-14
       3110.00   2.77937e-14
       3130.00   2.77384e-14
       3150.00   2.79670e-14
       3170.00   2.78664e-14
       3190.00   2.71380e-14
       3210.00   2.74291e-14
       3230.00   2.70215e-14
       3250.00   2.73516e-14
       3270.00   2.75850e-14
       3290.00   2.77127e-14
       3310.00   2.77478e-14
       3330.00   2.73927e-14
       3350.00   2.70549e-14
       3370.00   2.71090e-14
       3390.00   2.69530e-14
       3410.00   2.72202e-14
       3430.00   2.71942e-14
       3450.00   2.70471e-14
       3470.00   2.69147e-14
       3490.00   2.69289e-14
       3510.00   2.70635e-14
       3530.00   2.70340e-14
       3550.00   2.70711e-14
       3570.00   2.66857e-14
       3590.00   2.66241e-14
       3610.00   2.65925e-14
       3630.00   2.66251e-14
       3640.00   2.65747e-14
       3650.00   2.67887e-14
       3670.00   2.67767e-14
       3690.00   2.56690e-14
       3710.00   2.68607e-14
       3730.00   2.77845e-14
       3750.00   3.49284e-14
       3770.00   3.69196e-14
       3790.00   4.42820e-14
       3810.00   5.13695e-14
       3830.00   4.13027e-14
       3850.00   5.67760e-14
       3870.00   6.34704e-14
       3890.00   3.73097e-14
       3910.00   6.37309e-14
       3930.00   6.65704e-14
       3950.00   6.39491e-14
       3970.00   3.61391e-14
       3990.00   6.14901e-14
       4010.00   6.94654e-14
       4030.00   7.01855e-14
       4050.00   6.91692e-14
       4070.00   6.53898e-14
       4090.00   5.11285e-14
       4110.00   3.96643e-14
       4130.00   6.25694e-14
       4150.00   6.59560e-14
       4170.00   6.63727e-14
       4190.00   6.58168e-14
       4210.00   6.51808e-14
       4230.00   6.41784e-14
       4250.00   6.37991e-14
       4270.00   6.27680e-14
       4290.00   6.17338e-14
       4310.00   5.78462e-14
       4330.00   4.39195e-14
       4350.00   3.77153e-14
       4370.00   5.62435e-14
       4390.00   5.85788e-14
       4410.00   5.88406e-14
       4430.00   5.89217e-14
       4450.00   5.85360e-14
       4470.00   5.80796e-14
       4490.00   5.74415e-14
       4510.00   5.71743e-14
       4530.00   5.65014e-14
       4550.00   5.57621e-14
       4570.00   5.56744e-14
       4590.00   5.50583e-14
       4610.00   5.48110e-14
       4630.00   5.41377e-14
       4650.00   5.37982e-14
       4670.00   5.33248e-14
       4690.00   5.26611e-14
       4710.00   5.16051e-14
       4730.00   5.17431e-14
       4750.00   5.12369e-14
       4770.00   5.06391e-14
       4790.00   4.99174e-14
       4810.00   4.88130e-14
       4830.00   4.62610e-14
       4850.00   3.65347e-14
       4870.00   2.99433e-14
       4890.00   4.38265e-14
       4910.00   4.64010e-14
       4930.00   4.64699e-14
       4950.00   4.65949e-14
       4970.00   4.64405e-14
       4990.00   4.60134e-14
       5010.00   4.54435e-14
       5030.00   4.53530e-14
       5050.00   4.49222e-14
       5070.00   4.46137e-14
       5090.00   4.42151e-14
       5110.00   4.38499e-14
       5130.00   4.34333e-14
       5150.00   4.30136e-14
       5170.00   4.21329e-14
       5190.00   4.19290e-14
       5210.00   4.18623e-14
       5230.00   4.13820e-14
       5250.00   4.12752e-14
       5270.00   4.06297e-14
       5290.00   4.05475e-14
       5310.00   4.01479e-14
       5330.00   3.97118e-14
       5350.00   3.95290e-14
       5370.00   3.91164e-14
       5390.00   3.88155e-14
       5410.00   3.84156e-14
       5430.00   3.81483e-14
       5450.00   3.78391e-14
       5470.00   3.75460e-14
       5490.00   3.72570e-14
       5510.00   3.69510e-14
       5530.00   3.66026e-14
       5550.00   3.63447e-14
       5570.00   3.60066e-14
       5590.00   3.56875e-14
       5610.00   3.54130e-14
       5630.00   3.51465e-14
       5650.00   3.48515e-14
       5670.00   3.45486e-14
       5690.00   3.42744e-14
       5710.00   3.39874e-14
       5730.00   3.37247e-14
       5750.00   3.34369e-14
       5770.00   3.31649e-14
       5790.00   3.28908e-14
       5810.00   3.26228e-14
       5830.00   3.23562e-14
       5850.00   3.20852e-14
       5870.00   3.18213e-14
       5890.00   3.13660e-14
       5910.00   3.13069e-14
       5930.00   3.10526e-14
       5950.00   3.07997e-14
       5970.00   3.05509e-14
       5990.00   3.02987e-14
       6010.00   3.00496e-14
       6030.00   2.98082e-14
       6050.00   2.95735e-14
       6070.00   2.93400e-14
       6090.00   2.91023e-14
       6110.00   2.88650e-14
       6130.00   2.86135e-14
       6150.00   2.83728e-14
       6170.00   2.81491e-14
       6190.00   2.79592e-14
       6210.00   2.77383e-14
       6230.00   2.75080e-14
       6250.00   2.72606e-14
       6270.00   2.70835e-14
       6290.00   2.68695e-14
       6310.00   2.66469e-14
       6330.00   2.64418e-14
       6350.00   2.62150e-14
       6370.00   2.60168e-14
       6390.00   2.58237e-14
       6410.00   2.55949e-14
       6430.00   2.53598e-14
       6450.00   2.51012e-14
       6470.00   2.48868e-14
       6490.00   2.45816e-14
       6510.00   2.41795e-14
       6530.00   2.33145e-14
       6550.00   2.03311e-14
       6570.00   1.65457e-14
       6590.00   2.20394e-14
       6610.00   2.30779e-14
       6630.00   2.32473e-14
       6650.00   2.32000e-14
       6670.00   2.30802e-14
       6690.00   2.29400e-14
       6710.00   2.28075e-14
       6730.00   2.26481e-14
       6750.00   2.24717e-14
       6770.00   2.23118e-14
       6790.00   2.21435e-14
       6810.00   2.19762e-14
       6830.00   2.18093e-14
       6850.00   2.16468e-14
       6870.00   2.14867e-14
       6890.00   2.13271e-14
       6910.00   2.11676e-14
       6930.00   2.10101e-14
       6950.00   2.08549e-14
       6970.00   2.07001e-14
       6990.00   2.05482e-14
       7010.00   2.03913e-14
       7030.00   2.02428e-14
       7050.00   2.00973e-14
       7070.00   1.99497e-14
       7090.00   1.98052e-14
       7110.00   1.96297e-14
       7130.00   1.95111e-14
       7150.00   1.93714e-14
       7170.00   1.92314e-14
       7190.00   1.90897e-14
       7210.00   1.89527e-14
       7230.00   1.88178e-14
       7250.00   1.86818e-14
       7270.00   1.85503e-14
       7290.00   1.84124e-14
       7310.00   1.82824e-14
       7330.00   1.81520e-14
       7350.00   1.80259e-14
       7370.00   1.78987e-14
       7390.00   1.77681e-14
       7410.00   1.76361e-14
       7430.00   1.75135e-14
       7450.00   1.73922e-14
       7470.00   1.72635e-14
       7490.00   1.71415e-14
       7510.00   1.70282e-14
       7530.00   1.69109e-14
       7550.00   1.67950e-14
       7570.00   1.66769e-14
       7590.00   1.65614e-14
       7610.00   1.64461e-14
       7630.00   1.63324e-14
       7650.00   1.62183e-14
       7670.00   1.61018e-14
       7690.00   1.59940e-14
       7710.00   1.58819e-14
       7730.00   1.57774e-14
       7750.00   1.56666e-14
       7770.00   1.54678e-14
       7790.00   1.54554e-14
       7810.00   1.53501e-14
       7830.00   1.52423e-14
       7850.00   1.51366e-14
       7870.00   1.50314e-14
       7890.00   1.49287e-14
       7910.00   1.48328e-14
       7930.00   1.47295e-14
       7950.00   1.46300e-14
       7970.00   1.45388e-14
       7990.00   1.44330e-14
       8010.00   1.43425e-14
       8041.00   1.41170e-14
       8068.00   1.39390e-14
       8096.00   1.38590e-14
       8124.00   1.38190e-14
       8151.00   1.36500e-14
       8179.00   1.32840e-14
       8206.00   1.31340e-14
       8234.00   1.31350e-14
       8262.00   1.29950e-14
       8289.00   1.29480e-14
       8317.00   1.23900e-14
       8344.00   1.24900e-14
       8372.00   1.26770e-14
       8400.00   1.24420e-14
       8427.00   1.23470e-14
       8455.00   1.25810e-14
       8482.00   1.22620e-14
       8510.00   1.21290e-14
       8538.00   1.20050e-14
       8565.00   1.18550e-14
       8593.00   1.16860e-14
       8620.00   1.17970e-14
       8648.00   1.16520e-14
       8676.00   1.14290e-14
       8703.00   1.14300e-14
       8731.00   1.13910e-14
       8758.00   1.15030e-14
       8786.00   1.16920e-14
       8814.00   1.16230e-14
       8841.00   1.13400e-14
       8869.00   1.12150e-14
       8896.00   1.11710e-14
       8924.00   1.13220e-14
       8952.00   1.12710e-14
       8979.00   1.09060e-14
       9007.00   1.05060e-14
       9034.00   1.04110e-14
       9062.00   1.05580e-14
       9090.00   1.08000e-14
       9117.00   1.09150e-14
       9145.00   1.08700e-14
       9172.00   1.07060e-14
       9200.00   1.01160e-14
       9228.00   9.60530e-15
       9255.00   9.78830e-15
       9283.00   1.02750e-14
       9310.00   1.04780e-14
       9338.00   1.04690e-14
       9366.00   1.03970e-14
       9393.00   1.01860e-14
       9421.00   9.93670e-15
       9448.00   9.78020e-15
       9476.00   9.54790e-15
       9504.00   9.23100e-15
       9531.00   8.91250e-15
       9559.00   8.81640e-15
       9586.00   9.01020e-15
       9614.00   9.17200e-15
       9642.00   9.28410e-15
       9669.00   9.36380e-15
       9697.00   9.36180e-15
       9724.00   9.34280e-15
       9752.00   9.29420e-15
       9780.00   9.22530e-15
       9807.00   9.26530e-15
       9835.00   9.19900e-15
       9862.00   8.96000e-15
       9890.00   8.80800e-15
       9918.00   8.67470e-15
       9945.00   8.57080e-15
       9973.00   8.49770e-15
       10000.0   8.29080e-15
       10028.0   7.86360e-15
       10056.0   7.61840e-15
       10083.0   7.78080e-15
       10111.0   8.00250e-15
       10138.0   8.10150e-15
       10166.0   8.11550e-15
       10194.0   8.11960e-15
       10221.0   8.08640e-15
       10249.0   8.05140e-15
       10276.0   8.03750e-15
       10304.0   7.88490e-15
       10332.0   7.77680e-15
       10359.0   7.69000e-15
       10387.0   7.74260e-15
       10414.0   7.64530e-15
       10442.0   7.59190e-15
       10470.0   7.58260e-15
       10497.0   7.49610e-15
       10525.0   7.43490e-15
       10552.0   7.43130e-15
       10580.0   7.32360e-15
       10608.0   7.22020e-15
       10635.0   7.14510e-15
       10663.0   7.04110e-15
       10690.0   6.96840e-15
       10718.0   6.91930e-15
       10746.0   6.91220e-15
       10773.0   6.91280e-15
       10801.0   6.80120e-15
       10828.0   6.63150e-15
       10856.0   6.50390e-15
       10884.0   6.33780e-15
       10911.0   6.04370e-15
       10939.0   5.85340e-15
       10966.0   5.93450e-15
       10994.0   6.07840e-15
       11022.0   6.19190e-15
       11049.0   6.27480e-15
       11077.0   6.24750e-15
       11104.0   6.17990e-15
       11132.0   6.16120e-15
       11160.0   6.13690e-15
       11187.0   6.16800e-15
       11215.0   6.13170e-15
       11242.0   6.08600e-15
       11270.0   6.07670e-15
       11298.0   6.03020e-15
       11325.0   5.96370e-15
       11353.0   5.88880e-15
       11380.0   5.76430e-15
       11408.0   5.73330e-15
       11436.0   5.77820e-15
       11463.0   5.77610e-15
       11491.0   5.81610e-15
       11518.0   5.76730e-15
       11546.0   5.63500e-15
       11574.0   5.55200e-15
       11601.0   5.51760e-15
       11629.0   5.47790e-15
       11656.0   5.43720e-15
       11684.0   5.39150e-15
       11686.0   5.37760e-15
       11726.0   5.34260e-15
       11766.0   5.30480e-15
       11806.0   5.23910e-15
       11846.0   5.16120e-15
       11886.0   5.09390e-15
       11926.0   5.03250e-15
       11966.0   4.95730e-15
       12006.0   4.87360e-15
       12046.0   4.82970e-15
       12087.0   4.80180e-15
       12127.0   4.75130e-15
       12167.0   4.72030e-15
       12207.0   4.71060e-15
       12247.0   4.66820e-15
       12287.0   4.62750e-15
       12327.0   4.59830e-15
       12367.0   4.53860e-15
       12407.0   4.52640e-15
       12447.0   4.48550e-15
       12487.0   4.38260e-15
       12527.0   4.32450e-15
       12568.0   4.29630e-15
       12608.0   4.23760e-15
       12648.0   4.16000e-15
       12688.0   4.10540e-15
       12728.0   4.00610e-15
       12768.0   3.88680e-15
       12808.0   3.77760e-15
       12848.0   3.76450e-15
       12888.0   3.79620e-15
       12928.0   3.80590e-15
       12968.0   3.81070e-15
       13008.0   3.84340e-15
       13048.0   3.86530e-15
       13089.0   3.81350e-15
       13129.0   3.74890e-15
       13169.0   3.69910e-15
       13209.0   3.65730e-15
       13249.0   3.62260e-15
       13289.0   3.61340e-15
       13329.0   3.59840e-15
       13369.0   3.54680e-15
       13409.0   3.49310e-15
       13449.0   3.44680e-15
       13489.0   3.42440e-15
       13529.0   3.39650e-15
       13570.0   3.35030e-15
       13610.0   3.31830e-15
       13650.0   3.28540e-15
       13690.0   3.26100e-15
       13730.0   3.24700e-15
       13770.0   3.21320e-15
       13810.0   3.18490e-15
       13850.0   3.16320e-15
       13890.0   3.11970e-15
       13930.0   3.07780e-15
       13970.0   3.05410e-15
       14010.0   3.04300e-15
       14050.0   3.01980e-15
       14091.0   2.99100e-15
       14131.0   2.96370e-15
       14171.0   2.92200e-15
       14211.0   2.87860e-15
       14251.0   2.84760e-15
       14291.0   2.82870e-15
       14331.0   2.81670e-15
       14371.0   2.78920e-15
       14411.0   2.76250e-15
       14451.0   2.73550e-15
       14491.0   2.70430e-15
       14531.0   2.69640e-15
       14572.0   2.67330e-15
       14612.0   2.63100e-15
       14652.0   2.60290e-15
       14692.0   2.57990e-15
       14732.0   2.55550e-15
       14772.0   2.51590e-15
       14812.0   2.49070e-15
       14852.0   2.49200e-15
       14892.0   2.49410e-15
       14932.0   2.47780e-15
       14972.0   2.45340e-15
       15012.0   2.43730e-15
       15052.0   2.42110e-15
       15093.0   2.40130e-15
       15133.0   2.38240e-15
       15173.0   2.33850e-15
       15213.0   2.28880e-15
       15253.0   2.26250e-15
       15293.0   2.24900e-15
       15333.0   2.24990e-15
       15373.0   2.24720e-15
       15413.0   2.23160e-15
       15453.0   2.22530e-15
       15493.0   2.20490e-15
       15533.0   2.16730e-15
       15574.0   2.14740e-15
       15614.0   2.12900e-15
       15654.0   2.10410e-15
       15694.0   2.07800e-15
       15734.0   2.05660e-15
       15774.0   2.04890e-15
       15814.0   2.03610e-15
       15854.0   2.00360e-15
       15894.0   1.97120e-15
       15934.0   1.96390e-15
       15974.0   1.97150e-15
       16014.0   1.95910e-15
       16054.0   1.91910e-15
       16095.0   1.88850e-15
       16135.0   1.88580e-15
       16175.0   1.89560e-15
       16215.0   1.90160e-15
       16255.0   1.89740e-15
       16295.0   1.87000e-15
       16335.0   1.82680e-15
       16375.0   1.77640e-15
       16415.0   1.74130e-15
       16455.0   1.75090e-15
       16495.0   1.77860e-15
       16535.0   1.78570e-15
       16576.0   1.78170e-15
       16616.0   1.77010e-15
       16656.0   1.75070e-15
       16696.0   1.71600e-15
       16736.0   1.66630e-15
       16776.0   1.61610e-15
       16816.0   1.57630e-15
       16856.0   1.59070e-15
       16896.0   1.61510e-15
       16936.0   1.62580e-15
       16976.0   1.63400e-15
       17016.0   1.62340e-15
       17056.0   1.60770e-15
       17097.0   1.59570e-15
       17137.0   1.58620e-15
       17177.0   1.57180e-15
       17217.0   1.55300e-15
       17257.0   1.52500e-15
       17297.0   1.48550e-15
       17337.0   1.43370e-15
       17377.0   1.40300e-15
       17417.0   1.41460e-15
       17457.0   1.42990e-15
       17497.0   1.43420e-15
       17537.0   1.43300e-15
       17578.0   1.43330e-15
       17618.0   1.43480e-15
       17658.0   1.42180e-15
       17698.0   1.40340e-15
       17738.0   1.39350e-15
       17778.0   1.38730e-15
       17818.0   1.37970e-15
       17858.0   1.37170e-15
       17898.0   1.36230e-15
       17938.0   1.35210e-15
       17978.0   1.34130e-15
       18018.0   1.32680e-15
       18058.0   1.30610e-15
       18099.0   1.28170e-15
       18137.0   1.25050e-15
       18194.0   1.22530e-15
       18251.0   1.23120e-15
       18308.0   1.23790e-15
       18365.0   1.23420e-15
       18421.0   1.22830e-15
       18478.0   1.20730e-15
       18535.0   1.18810e-15
       18592.0   1.17750e-15
       18648.0   1.16350e-15
       18705.0   1.12740e-15
       18762.0   1.09490e-15
       18819.0   1.09430e-15
       18875.0   1.10270e-15
       18932.0   1.10050e-15
       18989.0   1.08940e-15
       19046.0   1.07870e-15
       19102.0   1.06590e-15
       19159.0   1.05860e-15
       19216.0   1.04850e-15
       19273.0   1.03040e-15
       19330.0   1.00950e-15
       19386.0   9.80290e-16
       19443.0   9.58820e-16
       19500.0   9.50370e-16
       19557.0   9.53860e-16
       19613.0   9.62670e-16
       19670.0   9.64380e-16
       19727.0   9.54880e-16
       19784.0   9.40760e-16
       19840.0   9.30350e-16
       19897.0   9.23510e-16
       19954.0   9.18560e-16
       20011.0   9.10780e-16
       20068.0   9.02880e-16
       20124.0   8.96110e-16
       20181.0   8.82210e-16
       20238.0   8.71260e-16
       20295.0   8.66420e-16
       20351.0   8.59750e-16
       20408.0   8.49680e-16
       20465.0   8.40180e-16
       20522.0   8.29570e-16
       20578.0   8.21110e-16
       20635.0   8.16290e-16
       20692.0   8.08950e-16
       20749.0   7.98470e-16
       20805.0   7.88740e-16
       20862.0   7.78610e-16
       20919.0   7.71130e-16
       20976.0   7.64510e-16
       21033.0   7.55490e-16
       21089.0   7.48640e-16
       21146.0   7.39530e-16
       21203.0   7.31330e-16
       21260.0   7.24500e-16
       21316.0   7.14890e-16
       21373.0   7.06140e-16
       21430.0   6.93810e-16
       21487.0   6.81920e-16
       21543.0   6.72910e-16
       21600.0   6.60870e-16
       21657.0   6.47160e-16
       21714.0   6.42510e-16
       21770.0   6.46260e-16
       21827.0   6.48350e-16
       21884.0   6.47520e-16
       21941.0   6.46450e-16
       21998.0   6.40710e-16
       22054.0   6.30150e-16
       22111.0   6.22590e-16
       22168.0   6.20360e-16
       22225.0   6.16930e-16
       22281.0   6.10880e-16
       22338.0   6.05400e-16
       22395.0   5.98100e-16
       22452.0   5.90970e-16
       22508.0   5.86400e-16
       22565.0   5.81640e-16
       22622.0   5.76120e-16
       22679.0   5.69260e-16
       22735.0   5.65750e-16
       22792.0   5.61240e-16
       22849.0   5.55430e-16
       22906.0   5.51110e-16
       22963.0   5.46830e-16
       23019.0   5.39750e-16
       23076.0   5.31620e-16
       23133.0   5.27430e-16
       23190.0   5.23400e-16
       23246.0   5.18920e-16
       23303.0   5.12450e-16
       23360.0   5.07940e-16
       23417.0   5.04350e-16
       23473.0   5.00270e-16
       23530.0   4.95570e-16
       23587.0   4.91570e-16
       23644.0   4.89980e-16
       23700.0   4.86530e-16
       23757.0   4.81830e-16
       23814.0   4.77500e-16
       23871.0   4.73580e-16
       23928.0   4.67550e-16
       23984.0   4.65880e-16
       24041.0   4.62080e-16
       24098.0   4.56250e-16
       24155.0   4.52060e-16
       24211.0   4.48460e-16
       24268.0   4.47420e-16
       24325.0   4.43890e-16
       24382.0   4.37140e-16
       24438.0   4.32040e-16
       24495.0   4.25870e-16
       24552.0   4.23660e-16
       24609.0   4.22130e-16
       24665.0   4.18690e-16
       24750.0   4.08708e-16
       24850.0   4.03484e-16
       24950.0   3.94391e-16
       25050.0   3.91722e-16
       25150.0   3.85989e-16
       25250.0   3.75037e-16
       25350.0   3.74220e-16
       25450.0   3.70059e-16
       25550.0   3.63030e-16
       25650.0   3.50008e-16
       25750.0   3.53092e-16
       25850.0   3.49265e-16
       25950.0   3.43904e-16
       26050.0   3.34532e-16
       26150.0   3.18528e-16
       26250.0   2.98157e-16
       26350.0   3.18548e-16
       26450.0   3.19948e-16
       26550.0   3.16076e-16
       26650.0   3.08916e-16
       26750.0   2.89077e-16
       26850.0   3.00308e-16
       26950.0   2.99437e-16
       27050.0   2.95900e-16
       27150.0   2.92035e-16
       27250.0   2.87967e-16
       27350.0   2.83570e-16
       27450.0   2.77720e-16
       27550.0   2.57986e-16
       27650.0   2.63726e-16
       27750.0   2.67587e-16
       27850.0   2.65182e-16
       27950.0   2.62071e-16
       28050.0   2.58544e-16
       28150.0   2.55075e-16
       28250.0   2.51662e-16
       28350.0   2.48305e-16
       28450.0   2.44623e-16
       28550.0   2.40361e-16
       28650.0   2.31975e-16
       28750.0   2.16633e-16
       28850.0   2.29272e-16
       28950.0   2.28496e-16
       29050.0   2.26287e-16
       29150.0   2.23345e-16
       29250.0   2.20488e-16
       29350.0   2.17649e-16
       29450.0   2.14848e-16
       29550.0   2.12096e-16
       29650.0   2.09387e-16
       29750.0   2.06719e-16
       29850.0   2.04092e-16
       29950.0   2.01507e-16
       30050.0   1.98946e-16
       30150.0   1.95919e-16
       30250.0   1.92140e-16
       30350.0   1.78887e-16
       30450.0   1.80628e-16
       30550.0   1.85443e-16
       30650.0   1.84173e-16
       30750.0   1.82237e-16
       30850.0   1.79986e-16
       30950.0   1.77787e-16
       31050.0   1.75609e-16
       31150.0   1.73442e-16
       31250.0   1.71356e-16
       31350.0   1.69286e-16
       31450.0   1.67230e-16
       31550.0   1.65228e-16
       31650.0   1.63249e-16
       31750.0   1.61282e-16
       31850.0   1.59368e-16
       31950.0   1.57474e-16
       32100.0   1.54676e-16
       32300.0   1.51050e-16
       32500.0   1.47527e-16
       32700.0   1.43730e-16
       32900.0   1.33382e-16
       33100.0   1.35124e-16
       33300.0   1.33986e-16
       33500.0   1.31107e-16
       33700.0   1.28170e-16
       33900.0   1.25337e-16
       34100.0   1.22564e-16
       34300.0   1.19871e-16
       34500.0   1.17251e-16
       34700.0   1.14690e-16
       34900.0   1.12200e-16
       35100.0   1.09777e-16
       35300.0   1.07416e-16
       35500.0   1.05113e-16
       35700.0   1.02861e-16
       35900.0   1.00721e-16
       36100.0   9.85395e-17
       36300.0   9.65450e-17
       36500.0   9.44157e-17
       36700.0   9.25975e-17
       36900.0   9.04138e-17
       37100.0   8.86719e-17
       37300.0   8.48017e-17
       37500.0   8.21481e-17
       37700.0   8.34082e-17
       37900.0   8.18970e-17
       38100.0   7.98606e-17
       38300.0   7.83442e-17
       38500.0   7.71763e-17
       38700.0   7.56671e-17
       38900.0   7.40167e-17
       39100.0   7.17375e-17
       39300.0   7.12669e-17
       39500.0   6.99920e-17
       39700.0   6.86564e-17
       39900.0   6.72822e-17
       40100.0   6.52847e-17
       40300.0   6.36871e-17
       40500.0   6.08396e-17
       40700.0   6.21080e-17
       40900.0   6.12851e-17
       41100.0   6.01914e-17
       41300.0   5.90647e-17
       41500.0   5.77077e-17
       41700.0   5.50161e-17
       41900.0   5.55631e-17
       42100.0   5.48377e-17
       42300.0   5.38585e-17
       42500.0   5.28851e-17
       42700.0   5.19352e-17
       42900.0   5.10055e-17
       43100.0   5.00958e-17
       43300.0   4.92061e-17
       43500.0   4.82154e-17
       43700.0   4.58689e-17
       43900.0   4.60370e-17
       44100.0   4.58034e-17
       44300.0   4.50472e-17
       44500.0   4.42679e-17
       44700.0   4.35481e-17
       44900.0   4.27541e-17
       45100.0   4.20262e-17
       45300.0   4.13121e-17
       45500.0   4.06124e-17
       45700.0   3.99238e-17
       45900.0   3.92451e-17
       46100.0   3.85633e-17
       46300.0   3.77928e-17
       46500.0   3.56038e-17
       46700.0   3.50735e-17
       46900.0   3.58044e-17
       47100.0   3.54727e-17
       47300.0   3.49334e-17
       47500.0   3.43783e-17
       47700.0   3.38271e-17
       47900.0   3.32852e-17
       48100.0   3.27539e-17
       48300.0   3.22317e-17
       48500.0   3.17190e-17
       48700.0   3.12175e-17
       48900.0   3.07250e-17
       49100.0   3.02415e-17
       49300.0   2.97730e-17
       49500.0   2.93284e-17
       49700.0   2.88445e-17
       49900.0   2.84306e-17
       50100.0   2.79769e-17
       50300.0   2.75262e-17
       50500.0   2.71261e-17
       50700.0   2.66925e-17
       50900.0   2.62485e-17
       51100.0   2.57137e-17
       51300.0   2.44181e-17
       51500.0   2.49953e-17
       51700.0   2.46973e-17
       51900.0   2.43856e-17
       52100.0   2.40601e-17
       52300.0   2.37063e-17
       52500.0   2.33057e-17
       52700.0   2.29343e-17
       52900.0   2.26687e-17
       53100.0   2.23504e-17
       53300.0   2.20265e-17
       53500.0   2.17020e-17
       53700.0   2.13055e-17
       53900.0   2.10014e-17
       54100.0   2.07812e-17
       54300.0   2.04889e-17
       54500.0   2.01975e-17
       54700.0   1.99094e-17
       54900.0   1.96281e-17
       55100.0   1.92858e-17
       55300.0   1.89402e-17
       55500.0   1.87921e-17
       55700.0   1.85541e-17
       55900.0   1.82960e-17
       56100.0   1.80438e-17
       56300.0   1.77962e-17
       56500.0   1.75518e-17
       56700.0   1.73116e-17
       56900.0   1.70331e-17
       57100.0   1.66375e-17
       57300.0   1.65563e-17
       57500.0   1.63911e-17
       57700.0   1.61709e-17
       57900.0   1.59533e-17
       58100.0   1.57408e-17
       58300.0   1.55292e-17
       58500.0   1.53107e-17
       58700.0   1.50946e-17
       58900.0   1.47994e-17
       59100.0   1.40993e-17
       59300.0   1.44321e-17
       59500.0   1.41036e-17
       59700.0   1.40333e-17
       59900.0   1.39506e-17
       60100.0   1.37976e-17
       60300.0   1.36297e-17
       60500.0   1.34576e-17
       60700.0   1.32850e-17
       60900.0   1.31154e-17
       61100.0   1.29480e-17
       61300.0   1.27849e-17
       61500.0   1.26227e-17
       61700.0   1.24642e-17
       61900.0   1.23068e-17
       62100.0   1.21531e-17
       62300.0   1.19994e-17
       62500.0   1.18330e-17
       62700.0   1.16384e-17
       62900.0   1.12402e-17
       63100.0   1.13285e-17
       63300.0   1.12553e-17
       63500.0   1.11374e-17
       63700.0   1.10027e-17
       63900.0   1.08688e-17
       64200.0   1.06715e-17
       64600.0   1.04154e-17
       65000.0   1.01670e-17
       65400.0   9.92596e-18
       65800.0   9.69195e-18
       66200.0   9.46486e-18
       66600.0   9.24431e-18
       67000.0   9.02977e-18
       67400.0   8.78641e-18
       67800.0   8.44525e-18
       68200.0   8.41226e-18
       68600.0   8.23323e-18
       69000.0   8.04798e-18
       69400.0   7.86766e-18
       69800.0   7.69267e-18
       70200.0   7.52238e-18
       70600.0   7.35662e-18
       71000.0   7.19232e-18
       71400.0   7.03901e-18
       71800.0   6.88659e-18
       72200.0   6.73811e-18
       72600.0   6.58525e-18
       73000.0   6.45237e-18
       73400.0   6.31653e-18
       73800.0   6.18253e-18
       74200.0   6.03711e-18
       74600.0   5.77214e-18
       75000.0   5.60041e-18
       75400.0   5.65113e-18
       75800.0   5.56487e-18
       76200.0   5.45440e-18
       76600.0   5.34356e-18
       77000.0   5.23552e-18
       77400.0   5.12762e-18
       77800.0   5.00249e-18
       78200.0   4.92483e-18
       78600.0   4.82973e-18
       79000.0   4.73452e-18
       79400.0   4.64159e-18
       79800.0   4.55065e-18
       80200.0   4.46188e-18
       80600.0   4.37524e-18
       81000.0   4.29063e-18
       81400.0   4.18278e-18
       81800.0   4.11524e-18
       82200.0   4.04899e-18
       82600.0   3.97225e-18
       83000.0   3.89729e-18
       83400.0   3.82400e-18
       83800.0   3.75240e-18
       84200.0   3.68253e-18
       84600.0   3.61417e-18
       85000.0   3.54738e-18
       85400.0   3.48207e-18
       85800.0   3.41821e-18
       86200.0   3.35307e-18
       86600.0   3.25709e-18
       87000.0   3.22552e-18
       87400.0   3.13358e-18
       87800.0   3.07770e-18
       88200.0   3.06389e-18
       88600.0   3.00964e-18
       89000.0   2.95638e-18
       89400.0   2.90422e-18
       89800.0   2.85321e-18
       90200.0   2.80325e-18
       90600.0   2.75433e-18
       91000.0   2.70653e-18
       91400.0   2.65964e-18
       91800.0   2.61375e-18
       92200.0   2.56887e-18
       92600.0   2.52490e-18
       93000.0   2.48190e-18
       93400.0   2.43800e-18
       93800.0   2.36353e-18
       94200.0   2.34667e-18
       94600.0   2.31931e-18
       95000.0   2.28071e-18
       95400.0   2.24297e-18
       95800.0   2.20640e-18
       96200.0   2.17029e-18
       96600.0   2.13495e-18
       97000.0   2.10027e-18
       97400.0   2.06644e-18
       97800.0   2.03325e-18
       98200.0   2.00062e-18
       98600.0   1.96723e-18
       99000.0   1.93797e-18
       99400.0   1.90754e-18
       99800.0   1.87771e-18
       100200.   1.84850e-18
       102500.   1.69046e-18
       105000.   1.53730e-18
       107500.   1.40116e-18
       110000.   1.27996e-18
       112500.   1.17160e-18
       115000.   1.07425e-18
       117500.   9.86898e-19
       120000.   9.08387e-19
       122500.   8.37221e-19
       125000.   7.73156e-19
       127500.   7.14891e-19
       130000.   6.62065e-19
       132500.   6.13932e-19
       135000.   5.70233e-19
       137500.   5.30163e-19
       140000.   4.93724e-19
       142500.   4.60244e-19
       145000.   4.29608e-19
       147500.   4.01409e-19
       150000.   3.75562e-19
       152500.   3.51728e-19
       155000.   3.29737e-19
       157500.   3.09533e-19
       160000.   2.90762e-19
       162500.   2.73400e-19
       165000.   2.57333e-19
       167500.   2.42451e-19
       170000.   2.28582e-19
       172500.   2.15724e-19
       175000.   2.03793e-19
       177500.   1.92650e-19
       180000.   1.82241e-19
       182500.   1.72510e-19
       185000.   1.63466e-19
       187500.   1.55004e-19
       190000.   1.47081e-19
       192500.   1.39661e-19
       195000.   1.32704e-19
       197500.   1.26182e-19
       200000.   1.20061e-19
       205000.   1.08807e-19
       210000.   9.88448e-20
       215000.   9.00074e-20
       220000.   8.21532e-20
       225000.   7.51103e-20
       230000.   6.88092e-20
       235000.   6.31650e-20
       240000.   5.80813e-20
       245000.   5.35145e-20
       250000.   4.93729e-20
       255000.   4.56289e-20
       260000.   4.22253e-20
       265000.   3.91413e-20
       270000.   3.63316e-20
       275000.   3.37678e-20
       280000.   3.14274e-20
       285000.   2.92886e-20
       290000.   2.73323e-20
       295000.   2.55325e-20
       300000.   2.38755e-20
       305000.   2.23561e-20
       310000.   2.09476e-20
       315000.   1.96543e-20
       320000.   1.84596e-20
       325000.   1.73550e-20
       330000.   1.63331e-20
       335000.   1.53817e-20
       340000.   1.45004e-20
       345000.   1.36789e-20
       350000.   1.29170e-20
       355000.   1.22088e-20
       360000.   1.15434e-20
       365000.   1.09253e-20
       370000.   1.03473e-20
       375000.   9.80978e-21
       380000.   9.30334e-21
       385000.   8.83198e-21
       390000.   8.38734e-21
       395000.   7.97316e-21
       400000.   7.58198e-21
